MeshAnim
1
100
2
30
5.364418E-07 -1 0 0
8.940697E-08 0 1 0
-1 -5.662441E-07 5.960464E-08 0
0.006703865 -0.3237372 -0.3615306 1

5.345969E-07 -0.99981 -0.0194947 0
9.984776E-08 -0.0194947 0.9998101 0
-1 -5.662441E-07 5.960464E-08 0
0.006703683 0.01610962 -0.3615306 1

5.364418E-07 -1 0 0
8.940697E-08 0 1 0
-1 -5.662441E-07 5.960464E-08 0
0.006703865 -0.3237372 -0.3615306 1

5.346728E-07 -0.9998245 -0.01873259 0
9.944024E-08 -0.01873259 0.9998246 0
-1 -5.662441E-07 5.960464E-08 0
0.006703683 0.01610962 -0.3615306 1

5.364418E-07 -1 0 0
8.940697E-08 0 1 0
-1 -5.662441E-07 5.960464E-08 0
0.006703865 -0.3237372 -0.3615306 1

5.348218E-07 -0.9998516 -0.01722892 0
9.863602E-08 -0.01722892 0.9998517 0
-1 -5.662441E-07 5.960464E-08 0
0.006703683 0.01610962 -0.3615306 1

5.364418E-07 -1 0 0
8.940697E-08 0 1 0
-1 -5.662441E-07 5.960464E-08 0
0.006703865 -0.3237372 -0.3615306 1

5.350404E-07 -0.9998875 -0.01499945 0
9.744325E-08 -0.01499945 0.9998876 0
-1 -5.662441E-07 5.960464E-08 0
0.006703683 0.01610962 -0.3615306 1

5.364418E-07 -1 0 0
8.940697E-08 0 1 0
-1 -5.662441E-07 5.960464E-08 0
0.006703865 -0.3237372 -0.3615306 1

5.353245E-07 -0.9999273 -0.01205988 0
9.586989E-08 -0.01205988 0.9999274 0
-1 -5.662441E-07 5.960464E-08 0
0.006703683 0.01610962 -0.3615306 1

5.364418E-07 -1 0 0
8.940697E-08 0 1 0
-1 -5.662441E-07 5.960464E-08 0
0.006703865 -0.3237372 -0.3615306 1

5.356694E-07 -0.9999645 -0.008425902 0
9.39238E-08 -0.008425903 0.9999646 0
-1 -5.662441E-07 5.960464E-08 0
0.006703683 0.01610962 -0.3615306 1

5.364418E-07 -1 0 0
8.940697E-08 0 1 0
-1 -5.662441E-07 5.960464E-08 0
0.006703865 -0.3237372 -0.3615306 1

5.360695E-07 -0.9999915 -0.004113195 0
9.161271E-08 -0.004113196 0.9999917 0
-1 -5.662441E-07 5.960464E-08 0
0.006703683 0.01610962 -0.3615306 1

5.364418E-07 -1 0 0
8.940697E-08 0 1 0
-1 -5.662441E-07 5.960464E-08 0
0.006703865 -0.3237372 -0.3615306 1

5.365188E-07 -0.9999996 0.0008625554 0
8.894423E-08 0.0008625555 0.9999998 0
-1 -5.662441E-07 5.960464E-08 0
0.006703683 0.01610962 -0.3615306 1

5.364418E-07 -1 0 0
8.940697E-08 0 1 0
-1 -5.662441E-07 5.960464E-08 0
0.006703865 -0.3237372 -0.3615306 1

5.370104E-07 -0.999979 0.006485628 0
8.592593E-08 0.006485629 0.9999791 0
-1 -5.662441E-07 5.960464E-08 0
0.006703683 0.01610962 -0.3615306 1

5.364418E-07 -1 0 0
8.940697E-08 0 1 0
-1 -5.662441E-07 5.960464E-08 0
0.006703865 -0.3237372 -0.3615306 1

5.375373E-07 -0.9999188 0.01274025 0
8.256531E-08 0.01274025 0.9999189 0
-1 -5.662441E-07 5.960464E-08 0
0.006703683 0.01610962 -0.3615306 1

5.364418E-07 -1 0 0
8.940697E-08 0 1 0
-1 -5.662441E-07 5.960464E-08 0
0.006703865 -0.3237372 -0.3615306 1

5.38092E-07 -0.9998077 0.01961054 0
7.886987E-08 0.01961055 0.9998078 0
-1 -5.662441E-07 5.960464E-08 0
0.006703683 0.01610962 -0.3615306 1

5.364418E-07 -1 0 0
8.940697E-08 0 1 0
-1 -5.662441E-07 5.960464E-08 0
0.006703865 -0.3237372 -0.3615306 1

5.386663E-07 -0.9996333 0.02708054 0
7.484705E-08 0.02708055 0.9996334 0
-1 -5.662441E-07 5.960464E-08 0
0.006703683 0.01610962 -0.3615306 1

5.364418E-07 -1 0 0
8.940697E-08 0 1 0
-1 -5.662441E-07 5.960464E-08 0
0.006703865 -0.3237372 -0.3615306 1

5.392519E-07 -0.9993826 0.03513412 0
7.050436E-08 0.03513413 0.9993827 0
-1 -5.662441E-07 5.960464E-08 0
0.006703683 0.01610962 -0.3615306 1

5.364418E-07 -1 0 0
8.940697E-08 0 1 0
-1 -5.662441E-07 5.960464E-08 0
0.006703865 -0.3237372 -0.3615306 1

5.398401E-07 -0.9990423 0.04375495 0
6.584936E-08 0.04375496 0.9990424 0
-1 -5.662441E-07 5.960464E-08 0
0.006703683 0.01610962 -0.3615306 1

5.364418E-07 -1 0 0
8.940697E-08 0 1 0
-1 -5.662441E-07 5.960464E-08 0
0.006703865 -0.3237372 -0.3615306 1

5.404219E-07 -0.9985984 0.05292655 0
6.088965E-08 0.05292656 0.9985985 0
-1 -5.662441E-07 5.960464E-08 0
0.006703683 0.01610962 -0.3615306 1

5.364418E-07 -1 0 0
8.940697E-08 0 1 0
-1 -5.662441E-07 5.960464E-08 0
0.006703865 -0.3237372 -0.3615306 1

5.409884E-07 -0.9980367 0.06263214 0
5.563294E-08 0.06263214 0.9980368 0
-1 -5.662441E-07 5.960464E-08 0
0.006703683 0.01610962 -0.3615306 1

5.364418E-07 -1 0 0
8.940697E-08 0 1 0
-1 -5.662441E-07 5.960464E-08 0
0.006703865 -0.3237372 -0.3615306 1

5.4153E-07 -0.9973426 0.07285474 0
5.008706E-08 0.07285475 0.9973427 0
-1 -5.662441E-07 5.960464E-08 0
0.006703683 0.01610962 -0.3615306 1

5.364418E-07 -1 0 0
8.940697E-08 0 1 0
-1 -5.662441E-07 5.960464E-08 0
0.006703865 -0.3237372 -0.3615306 1

5.420373E-07 -0.9965013 0.08357705 0
4.425995E-08 0.08357706 0.9965014 0
-1 -5.662441E-07 5.960464E-08 0
0.006703683 0.01610962 -0.3615306 1

5.364418E-07 -1 0 0
8.940697E-08 0 1 0
-1 -5.662441E-07 5.960464E-08 0
0.006703865 -0.3237372 -0.3615306 1

5.425009E-07 -0.9954981 0.09478147 0
3.815973E-08 0.09478148 0.9954982 0
-1 -5.662441E-07 5.960464E-08 0
0.006703683 0.01610962 -0.3615306 1

5.364418E-07 -1 0 0
8.940697E-08 0 1 0
-1 -5.662441E-07 5.960464E-08 0
0.006703865 -0.3237372 -0.3615306 1

5.429112E-07 -0.9943181 0.1064501 0
3.179467E-08 0.1064501 0.9943182 0
-1 -5.662441E-07 5.960464E-08 0
0.006703683 0.01610962 -0.3615306 1

5.364418E-07 -1 0 0
8.940697E-08 0 1 0
-1 -5.662441E-07 5.960464E-08 0
0.006703865 -0.3237372 -0.3615306 1

5.432584E-07 -0.9929463 0.1185647 0
2.517325E-08 0.1185647 0.9929464 0
-1 -5.662441E-07 5.960464E-08 0
0.006703683 0.01610962 -0.3615306 1

5.364418E-07 -1 0 0
8.940697E-08 0 1 0
-1 -5.662441E-07 5.960464E-08 0
0.006703865 -0.3237372 -0.3615306 1

5.435332E-07 -0.9913683 0.1311067 0
1.830414E-08 0.1311067 0.9913684 0
-1 -5.662441E-07 5.960464E-08 0
0.006703683 0.01610962 -0.3615306 1

5.364418E-07 -1 0 0
8.940697E-08 0 1 0
-1 -5.662441E-07 5.960464E-08 0
0.006703865 -0.3237372 -0.3615306 1

5.437261E-07 -0.9895694 0.1440571 0
1.119617E-08 0.1440571 0.9895695 0
-1 -5.662441E-07 5.960464E-08 0
0.006703683 0.01610962 -0.3615306 1

5.364418E-07 -1 0 0
8.940697E-08 0 1 0
-1 -5.662441E-07 5.960464E-08 0
0.006703865 -0.3237372 -0.3615306 1

5.438276E-07 -0.9875355 0.1573966 0
3.858432E-09 0.1573966 0.9875356 0
-1 -5.662441E-07 5.960464E-08 0
0.006703683 0.01610962 -0.3615306 1

5.364418E-07 -1 0 0
8.940697E-08 0 1 0
-1 -5.662441E-07 5.960464E-08 0
0.006703865 -0.3237372 -0.3615306 1

5.438288E-07 -0.9852527 0.1711056 0
-3.699739E-09 0.1711056 0.9852528 0
-1 -5.662441E-07 5.960464E-08 0
0.006703683 0.01610962 -0.3615306 1

5.364418E-07 -1 0 0
8.940697E-08 0 1 0
-1 -5.662441E-07 5.960464E-08 0
0.006703865 -0.3237372 -0.3615306 1

5.437204E-07 -0.9827076 0.1851641 0
-1.146886E-08 0.1851641 0.9827077 0
-1 -5.662441E-07 5.960464E-08 0
0.006703683 0.01610962 -0.3615306 1

5.364418E-07 -1 0 0
8.940697E-08 0 1 0
-1 -5.662441E-07 5.960464E-08 0
0.006703865 -0.3237372 -0.3615306 1

5.434938E-07 -0.9798872 0.1995518 0
-1.943921E-08 0.1995519 0.9798874 0
-1 -5.662441E-07 5.960464E-08 0
0.006703683 0.01610962 -0.3615306 1

5.364418E-07 -1 0 0
8.940697E-08 0 1 0
-1 -5.662441E-07 5.960464E-08 0
0.006703865 -0.3237372 -0.3615306 1

5.431405E-07 -0.9767793 0.2142482 0
-2.760081E-08 0.2142482 0.9767794 0
-1 -5.662441E-07 5.960464E-08 0
0.006703683 0.01610962 -0.3615306 1

5.364418E-07 -1 0 0
8.940697E-08 0 1 0
-1 -5.662441E-07 5.960464E-08 0
0.006703865 -0.3237372 -0.3615306 1

5.426522E-07 -0.9733717 0.2292322 0
-3.594353E-08 0.2292322 0.9733719 0
-1 -5.662441E-07 5.960464E-08 0
0.006703683 0.01610962 -0.3615306 1

5.364418E-07 -1 0 0
8.940697E-08 0 1 0
-1 -5.662441E-07 5.960464E-08 0
0.006703865 -0.3237372 -0.3615306 1

5.420212E-07 -0.9696537 0.2444827 0
-4.445695E-08 0.2444827 0.9696538 0
-1 -5.662441E-07 5.960464E-08 0
0.006703683 0.01610962 -0.3615306 1

5.364418E-07 -1 0 0
8.940697E-08 0 1 0
-1 -5.662441E-07 5.960464E-08 0
0.006703865 -0.3237372 -0.3615306 1

5.412398E-07 -0.9656144 0.2599783 0
-5.313057E-08 0.2599783 0.9656146 0
-1 -5.662441E-07 5.960464E-08 0
0.006703683 0.01610962 -0.3615306 1

5.364418E-07 -1 0 0
8.940697E-08 0 1 0
-1 -5.662441E-07 5.960464E-08 0
0.006703865 -0.3237372 -0.3615306 1

5.40301E-07 -0.9612445 0.2756975 0
-6.19537E-08 0.2756975 0.9612446 0
-1 -5.662441E-07 5.960464E-08 0
0.006703683 0.01610962 -0.3615306 1

5.364418E-07 -1 0 0
8.940697E-08 0 1 0
-1 -5.662441E-07 5.960464E-08 0
0.006703865 -0.3237372 -0.3615306 1

5.39198E-07 -0.9565348 0.2916182 0
-7.091534E-08 0.2916183 0.9565349 0
-1 -5.662441E-07 5.960464E-08 0
0.006703683 0.01610962 -0.3615306 1

5.364418E-07 -1 0 0
8.940697E-08 0 1 0
-1 -5.662441E-07 5.960464E-08 0
0.006703865 -0.3237372 -0.3615306 1

5.379244E-07 -0.9514773 0.307719 0
-8.000463E-08 0.307719 0.9514774 0
-1 -5.662441E-07 5.960464E-08 0
0.006703683 0.01610962 -0.3615306 1

5.364418E-07 -1 0 0
8.940697E-08 0 1 0
-1 -5.662441E-07 5.960464E-08 0
0.006703865 -0.3237372 -0.3615306 1

5.364745E-07 -0.9460648 0.3239775 0
-8.921031E-08 0.3239776 0.9460649 0
-1 -5.662441E-07 5.960464E-08 0
0.006703683 0.01610962 -0.3615306 1

5.364418E-07 -1 0 0
8.940697E-08 0 1 0
-1 -5.662441E-07 5.960464E-08 0
0.006703865 -0.3237372 -0.3615306 1

5.34843E-07 -0.9402909 0.3403719 0
-9.852116E-08 0.3403719 0.940291 0
-1 -5.662441E-07 5.960464E-08 0
0.006703683 0.01610962 -0.3615306 1

5.364418E-07 -1 0 0
8.940697E-08 0 1 0
-1 -5.662441E-07 5.960464E-08 0
0.006703865 -0.3237372 -0.3615306 1

5.330248E-07 -0.9341502 0.3568801 0
-1.079259E-07 0.3568801 0.9341503 0
-1 -5.662441E-07 5.960464E-08 0
0.006703683 0.01610962 -0.3615306 1

5.364418E-07 -1 0 0
8.940697E-08 0 1 0
-1 -5.662441E-07 5.960464E-08 0
0.006703865 -0.3237372 -0.3615306 1

5.310156E-07 -0.9276382 0.3734801 0
-1.17413E-07 0.3734801 0.9276383 0
-1 -5.662441E-07 5.960464E-08 0
0.006703683 0.01610962 -0.3615306 1

5.364418E-07 -1 0 0
8.940697E-08 0 1 0
-1 -5.662441E-07 5.960464E-08 0
0.006703865 -0.3237372 -0.3615306 1

5.288116E-07 -0.9207512 0.3901503 0
-1.269714E-07 0.3901504 0.9207513 0
-1 -5.662441E-07 5.960464E-08 0
0.006703683 0.01610962 -0.3615306 1

5.364418E-07 -1 0 0
8.940697E-08 0 1 0
-1 -5.662441E-07 5.960464E-08 0
0.006703865 -0.3237372 -0.3615306 1

5.264093E-07 -0.9134866 0.4068689 0
-1.365894E-07 0.4068689 0.9134867 0
-1 -5.662441E-07 5.960464E-08 0
0.006703683 0.01610962 -0.3615306 1

5.364418E-07 -1 0 0
8.940697E-08 0 1 0
-1 -5.662441E-07 5.960464E-08 0
0.006703865 -0.3237372 -0.3615306 1

5.238059E-07 -0.9058426 0.4236144 0
-1.462559E-07 0.4236145 0.9058427 0
-1 -5.662441E-07 5.960464E-08 0
0.006703683 0.01610962 -0.3615306 1

5.364418E-07 -1 0 0
8.940697E-08 0 1 0
-1 -5.662441E-07 5.960464E-08 0
0.006703865 -0.3237372 -0.3615306 1

5.209991E-07 -0.8978184 0.4403657 0
-1.559594E-07 0.4403658 0.8978186 0
-1 -5.662441E-07 5.960464E-08 0
0.006703683 0.01610962 -0.3615306 1

5.364418E-07 -1 0 0
8.940697E-08 0 1 0
-1 -5.662441E-07 5.960464E-08 0
0.006703865 -0.3237372 -0.3615306 1

5.179871E-07 -0.8894143 0.457102 0
-1.656888E-07 0.4571021 0.8894144 0
-1 -5.662441E-07 5.960464E-08 0
0.006703683 0.01610962 -0.3615306 1

5.364418E-07 -1 0 0
8.940697E-08 0 1 0
-1 -5.662441E-07 5.960464E-08 0
0.006703865 -0.3237372 -0.3615306 1

5.147685E-07 -0.880631 0.4738027 0
-1.75433E-07 0.4738027 0.8806311 0
-1 -5.662441E-07 5.960464E-08 0
0.006703683 0.01610962 -0.3615306 1

5.364418E-07 -1 0 0
8.940697E-08 0 1 0
-1 -5.662441E-07 5.960464E-08 0
0.006703865 -0.3237372 -0.3615306 1

5.113427E-07 -0.8714706 0.4904477 0
-1.851811E-07 0.4904477 0.8714707 0
-1 -5.662441E-07 5.960464E-08 0
0.006703683 0.01610962 -0.3615306 1

5.364418E-07 -1 0 0
8.940697E-08 0 1 0
-1 -5.662441E-07 5.960464E-08 0
0.006703865 -0.3237372 -0.3615306 1

5.077093E-07 -0.8619357 0.5070176 0
-1.949224E-07 0.5070176 0.8619359 0
-1 -5.662441E-07 5.960464E-08 0
0.006703683 0.01610962 -0.3615306 1

5.364418E-07 -1 0 0
8.940697E-08 0 1 0
-1 -5.662441E-07 5.960464E-08 0
0.006703865 -0.3237372 -0.3615306 1

5.038684E-07 -0.85203 0.523493 0
-2.046461E-07 0.5234931 0.8520302 0
-1 -5.662441E-07 5.960464E-08 0
0.006703683 0.01610962 -0.3615306 1

5.364418E-07 -1 0 0
8.940697E-08 0 1 0
-1 -5.662441E-07 5.960464E-08 0
0.006703865 -0.3237372 -0.3615306 1

4.998209E-07 -0.8417578 0.5398554 0
-2.14342E-07 0.5398555 0.8417579 0
-1 -5.662441E-07 5.960464E-08 0
0.006703683 0.01610962 -0.3615306 1

5.364418E-07 -1 0 0
8.940697E-08 0 1 0
-1 -5.662441E-07 5.960464E-08 0
0.006703865 -0.3237372 -0.3615306 1

4.955737E-07 -0.8311388 0.556065 0
-2.239869E-07 0.556065 0.831139 0
-1 -5.662441E-07 5.960464E-08 0
0.006703683 0.01610962 -0.3615306 1

5.364418E-07 -1 0 0
8.940697E-08 0 1 0
-1 -5.662441E-07 5.960464E-08 0
0.006703865 -0.3237372 -0.3615306 1

4.911358E-07 -0.8201966 0.5720818 0
-2.335573E-07 0.5720819 0.8201967 0
-1 -5.662441E-07 5.960464E-08 0
0.006703683 0.01610962 -0.3615306 1

5.364418E-07 -1 0 0
8.940697E-08 0 1 0
-1 -5.662441E-07 5.960464E-08 0
0.006703865 -0.3237372 -0.3615306 1

4.865114E-07 -0.8089414 0.5878893 0
-2.430434E-07 0.5878893 0.8089415 0
-1 -5.662441E-07 5.960464E-08 0
0.006703683 0.01610962 -0.3615306 1

5.364418E-07 -1 0 0
8.940697E-08 0 1 0
-1 -5.662441E-07 5.960464E-08 0
0.006703865 -0.3237372 -0.3615306 1

4.817053E-07 -0.7973853 0.6034706 0
-2.524351E-07 0.6034706 0.7973854 0
-1 -5.662441E-07 5.960464E-08 0
0.006703683 0.01610962 -0.3615306 1

5.364418E-07 -1 0 0
8.940697E-08 0 1 0
-1 -5.662441E-07 5.960464E-08 0
0.006703865 -0.3237372 -0.3615306 1

4.767228E-07 -0.7855408 0.6188099 0
-2.617227E-07 0.61881 0.7855409 0
-1 -5.662441E-07 5.960464E-08 0
0.006703683 0.01610962 -0.3615306 1

5.364418E-07 -1 0 0
8.940697E-08 0 1 0
-1 -5.662441E-07 5.960464E-08 0
0.006703865 -0.3237372 -0.3615306 1

4.715702E-07 -0.773422 0.6338915 0
-2.708966E-07 0.6338915 0.7734221 0
-1 -5.662441E-07 5.960464E-08 0
0.006703683 0.01610962 -0.3615306 1

5.364418E-07 -1 0 0
8.940697E-08 0 1 0
-1 -5.662441E-07 5.960464E-08 0
0.006703865 -0.3237372 -0.3615306 1

4.662541E-07 -0.7610439 0.6487004 0
-2.799474E-07 0.6487005 0.761044 0
-1 -5.662441E-07 5.960464E-08 0
0.006703683 0.01610962 -0.3615306 1

5.364418E-07 -1 0 0
8.940697E-08 0 1 0
-1 -5.662441E-07 5.960464E-08 0
0.006703865 -0.3237372 -0.3615306 1

4.607818E-07 -0.7484224 0.6632223 0
-2.88866E-07 0.6632224 0.7484225 0
-1 -5.662441E-07 5.960464E-08 0
0.006703683 0.01610962 -0.3615306 1

5.364418E-07 -1 0 0
8.940697E-08 0 1 0
-1 -5.662441E-07 5.960464E-08 0
0.006703865 -0.3237372 -0.3615306 1

4.551612E-07 -0.7355746 0.6774437 0
-2.976436E-07 0.6774437 0.7355747 0
-1 -5.662441E-07 5.960464E-08 0
0.006703683 0.01610962 -0.3615306 1

5.364418E-07 -1 0 0
8.940697E-08 0 1 0
-1 -5.662441E-07 5.960464E-08 0
0.006703865 -0.3237372 -0.3615306 1

4.494008E-07 -0.7225186 0.6913515 0
-3.062717E-07 0.6913516 0.7225186 0
-1 -5.662441E-07 5.960464E-08 0
0.006703683 0.01610962 -0.3615306 1

5.364418E-07 -1 0 0
8.940697E-08 0 1 0
-1 -5.662441E-07 5.960464E-08 0
0.006703865 -0.3237372 -0.3615306 1

4.435097E-07 -0.7092731 0.7049339 0
-3.147421E-07 0.7049339 0.7092732 0
-1 -5.662441E-07 5.960464E-08 0
0.006703683 0.01610962 -0.3615306 1

5.364418E-07 -1 0 0
8.940697E-08 0 1 0
-1 -5.662441E-07 5.960464E-08 0
0.006703865 -0.3237372 -0.3615306 1

4.374975E-07 -0.6958579 0.7181795 0
-3.23047E-07 0.7181795 0.695858 0
-1 -5.662441E-07 5.960464E-08 0
0.006703683 0.01610962 -0.3615306 1

5.364418E-07 -1 0 0
8.940697E-08 0 1 0
-1 -5.662441E-07 5.960464E-08 0
0.006703865 -0.3237372 -0.3615306 1

4.313745E-07 -0.682294 0.7310779 0
-3.31179E-07 0.731078 0.6822941 0
-1 -5.662441E-07 5.960464E-08 0
0.006703683 0.01610962 -0.3615306 1

5.364418E-07 -1 0 0
8.940697E-08 0 1 0
-1 -5.662441E-07 5.960464E-08 0
0.006703865 -0.3237372 -0.3615306 1

4.25151E-07 -0.6686022 0.7436203 0
-3.391314E-07 0.7436204 0.6686022 0
-1 -5.662441E-07 5.960464E-08 0
0.006703683 0.01610962 -0.3615306 1

5.364418E-07 -1 0 0
8.940697E-08 0 1 0
-1 -5.662441E-07 5.960464E-08 0
0.006703865 -0.3237372 -0.3615306 1

4.188384E-07 -0.6548049 0.755798 0
-3.468976E-07 0.7557981 0.654805 0
-1 -5.662441E-07 5.960464E-08 0
0.006703683 0.01610962 -0.3615306 1

5.364418E-07 -1 0 0
8.940697E-08 0 1 0
-1 -5.662441E-07 5.960464E-08 0
0.006703865 -0.3237372 -0.3615306 1

4.12448E-07 -0.6409248 0.7676037 0
-3.544716E-07 0.7676038 0.6409249 0
-1 -5.662441E-07 5.960464E-08 0
0.006703683 0.01610962 -0.3615306 1

5.364418E-07 -1 0 0
8.940697E-08 0 1 0
-1 -5.662441E-07 5.960464E-08 0
0.006703865 -0.3237372 -0.3615306 1

4.059919E-07 -0.6269852 0.7790312 0
-3.618481E-07 0.7790313 0.6269853 0
-1 -5.662441E-07 5.960464E-08 0
0.006703683 0.01610962 -0.3615306 1

5.364418E-07 -1 0 0
8.940697E-08 0 1 0
-1 -5.662441E-07 5.960464E-08 0
0.006703865 -0.3237372 -0.3615306 1

3.994823E-07 -0.6130098 0.7900754 0
-3.690222E-07 0.7900755 0.6130099 0
-1 -5.662441E-07 5.960464E-08 0
0.006703683 0.01610962 -0.3615306 1

5.364418E-07 -1 0 0
8.940697E-08 0 1 0
-1 -5.662441E-07 5.960464E-08 0
0.006703865 -0.3237372 -0.3615306 1

3.92932E-07 -0.599023 0.8007319 0
-3.759893E-07 0.800732 0.599023 0
-1 -5.662441E-07 5.960464E-08 0
0.006703683 0.01610962 -0.3615306 1

5.364418E-07 -1 0 0
8.940697E-08 0 1 0
-1 -5.662441E-07 5.960464E-08 0
0.006703865 -0.3237372 -0.3615306 1

3.863537E-07 -0.5850492 0.8109978 0
-3.827457E-07 0.8109979 0.5850493 0
-1 -5.662441E-07 5.960464E-08 0
0.006703683 0.01610962 -0.3615306 1

5.364418E-07 -1 0 0
8.940697E-08 0 1 0
-1 -5.662441E-07 5.960464E-08 0
0.006703865 -0.3237372 -0.3615306 1

3.797607E-07 -0.5711133 0.8208712 0
-3.892882E-07 0.8208714 0.5711134 0
-1 -5.662441E-07 5.960464E-08 0
0.006703683 0.01610962 -0.3615306 1

5.364418E-07 -1 0 0
8.940697E-08 0 1 0
-1 -5.662441E-07 5.960464E-08 0
0.006703865 -0.3237372 -0.3615306 1

3.731664E-07 -0.5572408 0.830351 0
-3.956138E-07 0.8303511 0.5572408 0
-1 -5.662441E-07 5.960464E-08 0
0.006703683 0.01610962 -0.3615306 1

5.364418E-07 -1 0 0
8.940697E-08 0 1 0
-1 -5.662441E-07 5.960464E-08 0
0.006703865 -0.3237372 -0.3615306 1

3.665845E-07 -0.5434569 0.8394371 0
-4.017204E-07 0.8394372 0.5434569 0
-1 -5.662441E-07 5.960464E-08 0
0.006703683 0.01610962 -0.3615306 1

5.364418E-07 -1 0 0
8.940697E-08 0 1 0
-1 -5.662441E-07 5.960464E-08 0
0.006703865 -0.3237372 -0.3615306 1

3.600287E-07 -0.5297869 0.8481308 0
-4.076063E-07 0.8481309 0.5297869 0
-1 -5.662441E-07 5.960464E-08 0
0.006703683 0.01610962 -0.3615306 1

5.364418E-07 -1 0 0
8.940697E-08 0 1 0
-1 -5.662441E-07 5.960464E-08 0
0.006703865 -0.3237372 -0.3615306 1

3.535127E-07 -0.5162565 0.856434 0
-4.132702E-07 0.8564342 0.5162565 0
-1 -5.662441E-07 5.960464E-08 0
0.006703683 0.01610962 -0.3615306 1

5.364418E-07 -1 0 0
8.940697E-08 0 1 0
-1 -5.662441E-07 5.960464E-08 0
0.006703865 -0.3237372 -0.3615306 1

3.470507E-07 -0.5028912 0.8643497 0
-4.187114E-07 0.8643498 0.5028912 0
-1 -5.662441E-07 5.960464E-08 0
0.006703683 0.01610962 -0.3615306 1

5.364418E-07 -1 0 0
8.940697E-08 0 1 0
-1 -5.662441E-07 5.960464E-08 0
0.006703865 -0.3237372 -0.3615306 1

3.406566E-07 -0.4897163 0.8718818 0
-4.239299E-07 0.871882 0.4897164 0
-1 -5.662441E-07 5.960464E-08 0
0.006703683 0.01610962 -0.3615306 1

5.364418E-07 -1 0 0
8.940697E-08 0 1 0
-1 -5.662441E-07 5.960464E-08 0
0.006703865 -0.3237372 -0.3615306 1

3.343443E-07 -0.4767572 0.8790351 0
-4.289258E-07 0.8790352 0.4767573 0
-1 -5.662441E-07 5.960464E-08 0
0.006703683 0.01610962 -0.3615306 1

5.364418E-07 -1 0 0
8.940697E-08 0 1 0
-1 -5.662441E-07 5.960464E-08 0
0.006703865 -0.3237372 -0.3615306 1

3.281281E-07 -0.4640394 0.8858145 0
-4.336997E-07 0.8858147 0.4640395 0
-1 -5.662441E-07 5.960464E-08 0
0.006703683 0.01610962 -0.3615306 1

5.364418E-07 -1 0 0
8.940697E-08 0 1 0
-1 -5.662441E-07 5.960464E-08 0
0.006703865 -0.3237372 -0.3615306 1

3.220218E-07 -0.4515877 0.8922268 0
-4.382527E-07 0.8922269 0.4515878 0
-1 -5.662441E-07 5.960464E-08 0
0.006703683 0.01610962 -0.3615306 1

5.364418E-07 -1 0 0
8.940697E-08 0 1 0
-1 -5.662441E-07 5.960464E-08 0
0.006703865 -0.3237372 -0.3615306 1

3.160393E-07 -0.439427 0.8982783 0
-4.425863E-07 0.8982784 0.4394271 0
-1 -5.662441E-07 5.960464E-08 0
0.006703683 0.01610962 -0.3615306 1

5.364418E-07 -1 0 0
8.940697E-08 0 1 0
-1 -5.662441E-07 5.960464E-08 0
0.006703865 -0.3237372 -0.3615306 1

3.101945E-07 -0.4275817 0.9039767 0
-4.467022E-07 0.9039769 0.4275818 0
-1 -5.662441E-07 5.960464E-08 0
0.006703683 0.01610962 -0.3615306 1

5.364418E-07 -1 0 0
8.940697E-08 0 1 0
-1 -5.662441E-07 5.960464E-08 0
0.006703865 -0.3237372 -0.3615306 1

3.045011E-07 -0.4160762 0.9093298 0
-4.506025E-07 0.90933 0.4160762 0
-1 -5.662441E-07 5.960464E-08 0
0.006703683 0.01610962 -0.3615306 1

5.364418E-07 -1 0 0
8.940697E-08 0 1 0
-1 -5.662441E-07 5.960464E-08 0
0.006703865 -0.3237372 -0.3615306 1

2.989727E-07 -0.4049345 0.9143457 0
-4.542894E-07 0.9143458 0.4049345 0
-1 -5.662441E-07 5.960464E-08 0
0.006703683 0.01610962 -0.3615306 1

5.364418E-07 -1 0 0
8.940697E-08 0 1 0
-1 -5.662441E-07 5.960464E-08 0
0.006703865 -0.3237372 -0.3615306 1

2.936225E-07 -0.3941799 0.9190333 0
-4.577655E-07 0.9190335 0.3941799 0
-1 -5.662441E-07 5.960464E-08 0
0.006703683 0.01610962 -0.3615306 1

5.364418E-07 -1 0 0
8.940697E-08 0 1 0
-1 -5.662441E-07 5.960464E-08 0
0.006703865 -0.3237372 -0.3615306 1

2.884642E-07 -0.383836 0.9234013 0
-4.610335E-07 0.9234014 0.3838361 0
-1 -5.662441E-07 5.960464E-08 0
0.006703683 0.01610962 -0.3615306 1

5.364418E-07 -1 0 0
8.940697E-08 0 1 0
-1 -5.662441E-07 5.960464E-08 0
0.006703865 -0.3237372 -0.3615306 1

2.835191E-07 -0.3739426 0.9274518 0
-4.640909E-07 0.927452 0.3739426 0
-1 -5.662441E-07 5.960464E-08 0
0.006703683 0.01610962 -0.3615306 1

5.364418E-07 -1 0 0
8.940697E-08 0 1 0
-1 -5.662441E-07 5.960464E-08 0
0.006703865 -0.3237372 -0.3615306 1

2.788059E-07 -0.3645335 0.9311903 0
-4.669376E-07 0.9311904 0.3645335 0
-1 -5.662441E-07 5.960464E-08 0
0.006703683 0.01610962 -0.3615306 1

5.364418E-07 -1 0 0
8.940697E-08 0 1 0
-1 -5.662441E-07 5.960464E-08 0
0.006703865 -0.3237372 -0.3615306 1

2.743335E-07 -0.3556231 0.9346296 0
-4.695792E-07 0.9346297 0.3556232 0
-1 -5.662441E-07 5.960464E-08 0
0.006703683 0.01610962 -0.3615306 1

5.364418E-07 -1 0 0
8.940697E-08 0 1 0
-1 -5.662441E-07 5.960464E-08 0
0.006703865 -0.3237372 -0.3615306 1

2.701103E-07 -0.3472251 0.9377819 0
-4.720211E-07 0.937782 0.3472251 0
-1 -5.662441E-07 5.960464E-08 0
0.006703683 0.01610962 -0.3615306 1

5.364418E-07 -1 0 0
8.940697E-08 0 1 0
-1 -5.662441E-07 5.960464E-08 0
0.006703865 -0.3237372 -0.3615306 1

2.661443E-07 -0.3393524 0.9406593 0
-4.742686E-07 0.9406595 0.3393525 0
-1 -5.662441E-07 5.960464E-08 0
0.006703683 0.01610962 -0.3615306 1

5.364418E-07 -1 0 0
8.940697E-08 0 1 0
-1 -5.662441E-07 5.960464E-08 0
0.006703865 -0.3237372 -0.3615306 1

2.624434E-07 -0.3320177 0.9432732 0
-4.763265E-07 0.9432734 0.3320177 0
-1 -5.662441E-07 5.960464E-08 0
0.006703683 0.01610962 -0.3615306 1

5.364418E-07 -1 0 0
8.940697E-08 0 1 0
-1 -5.662441E-07 5.960464E-08 0
0.006703865 -0.3237372 -0.3615306 1

2.590151E-07 -0.3252336 0.9456338 0
-4.781994E-07 0.9456339 0.3252336 0
-1 -5.662441E-07 5.960464E-08 0
0.006703683 0.01610962 -0.3615306 1

5.364418E-07 -1 0 0
8.940697E-08 0 1 0
-1 -5.662441E-07 5.960464E-08 0
0.006703865 -0.3237372 -0.3615306 1

2.558667E-07 -0.3190116 0.9477509 0
-4.798914E-07 0.947751 0.3190117 0
-1 -5.662441E-07 5.960464E-08 0
0.006703683 0.01610962 -0.3615306 1

5.364418E-07 -1 0 0
8.940697E-08 0 1 0
-1 -5.662441E-07 5.960464E-08 0
0.006703865 -0.3237372 -0.3615306 1

2.53005E-07 -0.3133633 0.9496334 0
-4.814062E-07 0.9496335 0.3133633 0
-1 -5.662441E-07 5.960464E-08 0
0.006703683 0.01610962 -0.3615306 1

5.364418E-07 -1 0 0
8.940697E-08 0 1 0
-1 -5.662441E-07 5.960464E-08 0
0.006703865 -0.3237372 -0.3615306 1

2.504366E-07 -0.3082995 0.9512894 0
-4.827473E-07 0.9512895 0.3082995 0
-1 -5.662441E-07 5.960464E-08 0
0.006703683 0.01610962 -0.3615306 1

5.364418E-07 -1 0 0
8.940697E-08 0 1 0
-1 -5.662441E-07 5.960464E-08 0
0.006703865 -0.3237372 -0.3615306 1

2.481677E-07 -0.3038304 0.9527261 0
-4.839176E-07 0.9527262 0.3038305 0
-1 -5.662441E-07 5.960464E-08 0
0.006703683 0.01610962 -0.3615306 1

5.364418E-07 -1 0 0
8.940697E-08 0 1 0
-1 -5.662441E-07 5.960464E-08 0
0.006703865 -0.3237372 -0.3615306 1

2.462045E-07 -0.2999668 0.9539496 0
-4.849194E-07 0.9539497 0.2999668 0
-1 -5.662441E-07 5.960464E-08 0
0.006703683 0.01610962 -0.3615306 1

5.364418E-07 -1 0 0
8.940697E-08 0 1 0
-1 -5.662441E-07 5.960464E-08 0
0.006703865 -0.3237372 -0.3615306 1

2.445526E-07 -0.2967181 0.9549651 0
-4.857546E-07 0.9549652 0.2967182 0
-1 -5.662441E-07 5.960464E-08 0
0.006703683 0.01610962 -0.3615306 1

5.364418E-07 -1 0 0
8.940697E-08 0 1 0
-1 -5.662441E-07 5.960464E-08 0
0.006703865 -0.3237372 -0.3615306 1

2.432174E-07 -0.2940939 0.9557766 0
-4.864245E-07 0.9557767 0.2940939 0
-1 -5.662441E-07 5.960464E-08 0
0.006703683 0.01610962 -0.3615306 1

5.364418E-07 -1 0 0
8.940697E-08 0 1 0
-1 -5.662441E-07 5.960464E-08 0
0.006703865 -0.3237372 -0.3615306 1

2.422042E-07 -0.2921035 0.9563867 0
-4.869298E-07 0.9563868 0.2921036 0
-1 -5.662441E-07 5.960464E-08 0
0.006703683 0.01610962 -0.3615306 1

5.364418E-07 -1 0 0
8.940697E-08 0 1 0
-1 -5.662441E-07 5.960464E-08 0
0.006703865 -0.3237372 -0.3615306 1

2.415177E-07 -0.2907554 0.9567974 0
-4.872706E-07 0.9567975 0.2907554 0
-1 -5.662441E-07 5.960464E-08 0
0.006703683 0.01610962 -0.3615306 1

