MeshAnim
1
100
2
30
5.364418E-07 -1 0 0
8.940697E-08 0 1 0
-1 -5.662441E-07 5.960464E-08 0
0.006703865 -0.3237372 -0.3615306 1

5.345969E-07 -0.9998101 -0.0194947 0
9.984777E-08 -0.01949471 0.9998102 0
-1 -5.662441E-07 5.960464E-08 0
0.006703683 0.01610962 -0.3615306 1

5.364418E-07 -1 0 0
8.940697E-08 0 1 0
-1 -5.662441E-07 5.960464E-08 0
0.006703865 -0.3237372 -0.3615306 1

5.346729E-07 -0.9998246 -0.01873259 0
9.944024E-08 -0.01873259 0.9998248 0
-1 -5.662441E-07 5.960464E-08 0
0.006703683 0.01610962 -0.3615306 1

5.364418E-07 -1 0 0
8.940697E-08 0 1 0
-1 -5.662441E-07 5.960464E-08 0
0.006703865 -0.3237372 -0.3615306 1

5.348218E-07 -0.9998517 -0.01722892 0
9.863604E-08 -0.01722892 0.9998518 0
-1 -5.662441E-07 5.960464E-08 0
0.006703683 0.01610962 -0.3615306 1

5.364418E-07 -1 0 0
8.940697E-08 0 1 0
-1 -5.662441E-07 5.960464E-08 0
0.006703865 -0.3237372 -0.3615306 1

5.350405E-07 -0.9998876 -0.01499945 0
9.744326E-08 -0.01499945 0.9998878 0
-1 -5.662441E-07 5.960464E-08 0
0.006703683 0.01610962 -0.3615306 1

5.364418E-07 -1 0 0
8.940697E-08 0 1 0
-1 -5.662441E-07 5.960464E-08 0
0.006703865 -0.3237372 -0.3615306 1

5.353246E-07 -0.9999274 -0.01205988 0
9.586991E-08 -0.01205988 0.9999275 0
-1 -5.662441E-07 5.960464E-08 0
0.006703683 0.01610962 -0.3615306 1

5.364418E-07 -1 0 0
8.940697E-08 0 1 0
-1 -5.662441E-07 5.960464E-08 0
0.006703865 -0.3237372 -0.3615306 1

5.356695E-07 -0.9999646 -0.008425903 0
9.392382E-08 -0.008425904 0.9999647 0
-1 -5.662441E-07 5.960464E-08 0
0.006703683 0.01610962 -0.3615306 1

5.364418E-07 -1 0 0
8.940697E-08 0 1 0
-1 -5.662441E-07 5.960464E-08 0
0.006703865 -0.3237372 -0.3615306 1

5.360696E-07 -0.9999917 -0.004113196 0
9.161272E-08 -0.004113196 0.9999918 0
-1 -5.662441E-07 5.960464E-08 0
0.006703683 0.01610962 -0.3615306 1

5.364418E-07 -1 0 0
8.940697E-08 0 1 0
-1 -5.662441E-07 5.960464E-08 0
0.006703865 -0.3237372 -0.3615306 1

5.365188E-07 -0.9999998 0.0008625555 0
8.894424E-08 0.0008625556 0.9999999 0
-1 -5.662441E-07 5.960464E-08 0
0.006703683 0.01610962 -0.3615306 1

5.364418E-07 -1 0 0
8.940697E-08 0 1 0
-1 -5.662441E-07 5.960464E-08 0
0.006703865 -0.3237372 -0.3615306 1

5.370105E-07 -0.9999791 0.006485629 0
8.592594E-08 0.00648563 0.9999792 0
-1 -5.662441E-07 5.960464E-08 0
0.006703683 0.01610962 -0.3615306 1

5.364418E-07 -1 0 0
8.940697E-08 0 1 0
-1 -5.662441E-07 5.960464E-08 0
0.006703865 -0.3237372 -0.3615306 1

5.375374E-07 -0.9999189 0.01274025 0
8.256533E-08 0.01274025 0.9999191 0
-1 -5.662441E-07 5.960464E-08 0
0.006703683 0.01610962 -0.3615306 1

5.364418E-07 -1 0 0
8.940697E-08 0 1 0
-1 -5.662441E-07 5.960464E-08 0
0.006703865 -0.3237372 -0.3615306 1

5.38092E-07 -0.9998078 0.01961055 0
7.886988E-08 0.01961055 0.999808 0
-1 -5.662441E-07 5.960464E-08 0
0.006703683 0.01610962 -0.3615306 1

5.364418E-07 -1 0 0
8.940697E-08 0 1 0
-1 -5.662441E-07 5.960464E-08 0
0.006703865 -0.3237372 -0.3615306 1

5.386663E-07 -0.9996334 0.02708055 0
7.484706E-08 0.02708055 0.9996335 0
-1 -5.662441E-07 5.960464E-08 0
0.006703683 0.01610962 -0.3615306 1

5.364418E-07 -1 0 0
8.940697E-08 0 1 0
-1 -5.662441E-07 5.960464E-08 0
0.006703865 -0.3237372 -0.3615306 1

5.392519E-07 -0.9993827 0.03513413 0
7.050437E-08 0.03513413 0.9993829 0
-1 -5.662441E-07 5.960464E-08 0
0.006703683 0.01610962 -0.3615306 1

5.364418E-07 -1 0 0
8.940697E-08 0 1 0
-1 -5.662441E-07 5.960464E-08 0
0.006703865 -0.3237372 -0.3615306 1

5.398401E-07 -0.9990424 0.04375496 0
6.584937E-08 0.04375497 0.9990425 0
-1 -5.662441E-07 5.960464E-08 0
0.006703683 0.01610962 -0.3615306 1

5.364418E-07 -1 0 0
8.940697E-08 0 1 0
-1 -5.662441E-07 5.960464E-08 0
0.006703865 -0.3237372 -0.3615306 1

5.40422E-07 -0.9985985 0.05292656 0
6.088965E-08 0.05292656 0.9985986 0
-1 -5.662441E-07 5.960464E-08 0
0.006703683 0.01610962 -0.3615306 1

5.364418E-07 -1 0 0
8.940697E-08 0 1 0
-1 -5.662441E-07 5.960464E-08 0
0.006703865 -0.3237372 -0.3615306 1

5.409884E-07 -0.9980368 0.06263214 0
5.563295E-08 0.06263215 0.9980369 0
-1 -5.662441E-07 5.960464E-08 0
0.006703683 0.01610962 -0.3615306 1

5.364418E-07 -1 0 0
8.940697E-08 0 1 0
-1 -5.662441E-07 5.960464E-08 0
0.006703865 -0.3237372 -0.3615306 1

5.415301E-07 -0.9973427 0.07285475 0
5.008706E-08 0.07285476 0.9973428 0
-1 -5.662441E-07 5.960464E-08 0
0.006703683 0.01610962 -0.3615306 1

5.364418E-07 -1 0 0
8.940697E-08 0 1 0
-1 -5.662441E-07 5.960464E-08 0
0.006703865 -0.3237372 -0.3615306 1

5.420374E-07 -0.9965014 0.08357706 0
4.425995E-08 0.08357707 0.9965016 0
-1 -5.662441E-07 5.960464E-08 0
0.006703683 0.01610962 -0.3615306 1

5.364418E-07 -1 0 0
8.940697E-08 0 1 0
-1 -5.662441E-07 5.960464E-08 0
0.006703865 -0.3237372 -0.3615306 1

5.42501E-07 -0.9954982 0.09478148 0
3.815973E-08 0.09478149 0.9954984 0
-1 -5.662441E-07 5.960464E-08 0
0.006703683 0.01610962 -0.3615306 1

5.364418E-07 -1 0 0
8.940697E-08 0 1 0
-1 -5.662441E-07 5.960464E-08 0
0.006703865 -0.3237372 -0.3615306 1

5.429113E-07 -0.9943182 0.1064501 0
3.179468E-08 0.1064501 0.9943183 0
-1 -5.662441E-07 5.960464E-08 0
0.006703683 0.01610962 -0.3615306 1

5.364418E-07 -1 0 0
8.940697E-08 0 1 0
-1 -5.662441E-07 5.960464E-08 0
0.006703865 -0.3237372 -0.3615306 1

5.432585E-07 -0.9929464 0.1185647 0
2.517325E-08 0.1185647 0.9929466 0
-1 -5.662441E-07 5.960464E-08 0
0.006703683 0.01610962 -0.3615306 1

5.364418E-07 -1 0 0
8.940697E-08 0 1 0
-1 -5.662441E-07 5.960464E-08 0
0.006703865 -0.3237372 -0.3615306 1

5.435333E-07 -0.9913684 0.1311067 0
1.830414E-08 0.1311067 0.9913685 0
-1 -5.662441E-07 5.960464E-08 0
0.006703683 0.01610962 -0.3615306 1

5.364418E-07 -1 0 0
8.940697E-08 0 1 0
-1 -5.662441E-07 5.960464E-08 0
0.006703865 -0.3237372 -0.3615306 1

5.437261E-07 -0.9895695 0.1440571 0
1.119617E-08 0.1440571 0.9895696 0
-1 -5.662441E-07 5.960464E-08 0
0.006703683 0.01610962 -0.3615306 1

5.364418E-07 -1 0 0
8.940697E-08 0 1 0
-1 -5.662441E-07 5.960464E-08 0
0.006703865 -0.3237372 -0.3615306 1

5.438277E-07 -0.9875356 0.1573966 0
3.858425E-09 0.1573967 0.9875357 0
-1 -5.662441E-07 5.960464E-08 0
0.006703683 0.01610962 -0.3615306 1

5.364418E-07 -1 0 0
8.940697E-08 0 1 0
-1 -5.662441E-07 5.960464E-08 0
0.006703865 -0.3237372 -0.3615306 1

5.438288E-07 -0.9852528 0.1711056 0
-3.699739E-09 0.1711056 0.9852529 0
-1 -5.662441E-07 5.960464E-08 0
0.006703683 0.01610962 -0.3615306 1

5.364418E-07 -1 0 0
8.940697E-08 0 1 0
-1 -5.662441E-07 5.960464E-08 0
0.006703865 -0.3237372 -0.3615306 1

5.437205E-07 -0.9827077 0.1851641 0
-1.146888E-08 0.1851642 0.9827079 0
-1 -5.662441E-07 5.960464E-08 0
0.006703683 0.01610962 -0.3615306 1

5.364418E-07 -1 0 0
8.940697E-08 0 1 0
-1 -5.662441E-07 5.960464E-08 0
0.006703865 -0.3237372 -0.3615306 1

5.434939E-07 -0.9798874 0.1995519 0
-1.94392E-08 0.1995519 0.9798875 0
-1 -5.662441E-07 5.960464E-08 0
0.006703683 0.01610962 -0.3615306 1

5.364418E-07 -1 0 0
8.940697E-08 0 1 0
-1 -5.662441E-07 5.960464E-08 0
0.006703865 -0.3237372 -0.3615306 1

5.431406E-07 -0.9767794 0.2142482 0
-2.76008E-08 0.2142482 0.9767795 0
-1 -5.662441E-07 5.960464E-08 0
0.006703683 0.01610962 -0.3615306 1

5.364418E-07 -1 0 0
8.940697E-08 0 1 0
-1 -5.662441E-07 5.960464E-08 0
0.006703865 -0.3237372 -0.3615306 1

5.426523E-07 -0.9733719 0.2292322 0
-3.594353E-08 0.2292323 0.973372 0
-1 -5.662441E-07 5.960464E-08 0
0.006703683 0.01610962 -0.3615306 1

5.364418E-07 -1 0 0
8.940697E-08 0 1 0
-1 -5.662441E-07 5.960464E-08 0
0.006703865 -0.3237372 -0.3615306 1

5.420213E-07 -0.9696538 0.2444827 0
-4.445695E-08 0.2444828 0.9696539 0
-1 -5.662441E-07 5.960464E-08 0
0.006703683 0.01610962 -0.3615306 1

5.364418E-07 -1 0 0
8.940697E-08 0 1 0
-1 -5.662441E-07 5.960464E-08 0
0.006703865 -0.3237372 -0.3615306 1

5.412399E-07 -0.9656146 0.2599783 0
-5.313058E-08 0.2599784 0.9656147 0
-1 -5.662441E-07 5.960464E-08 0
0.006703683 0.01610962 -0.3615306 1

5.364418E-07 -1 0 0
8.940697E-08 0 1 0
-1 -5.662441E-07 5.960464E-08 0
0.006703865 -0.3237372 -0.3615306 1

5.403011E-07 -0.9612446 0.2756975 0
-6.19537E-08 0.2756975 0.9612447 0
-1 -5.662441E-07 5.960464E-08 0
0.006703683 0.01610962 -0.3615306 1

5.364418E-07 -1 0 0
8.940697E-08 0 1 0
-1 -5.662441E-07 5.960464E-08 0
0.006703865 -0.3237372 -0.3615306 1

5.39198E-07 -0.9565349 0.2916183 0
-7.091535E-08 0.2916183 0.956535 0
-1 -5.662441E-07 5.960464E-08 0
0.006703683 0.01610962 -0.3615306 1

5.364418E-07 -1 0 0
8.940697E-08 0 1 0
-1 -5.662441E-07 5.960464E-08 0
0.006703865 -0.3237372 -0.3615306 1

5.379244E-07 -0.9514774 0.307719 0
-8.000463E-08 0.307719 0.9514775 0
-1 -5.662441E-07 5.960464E-08 0
0.006703683 0.01610962 -0.3615306 1

5.364418E-07 -1 0 0
8.940697E-08 0 1 0
-1 -5.662441E-07 5.960464E-08 0
0.006703865 -0.3237372 -0.3615306 1

5.364746E-07 -0.9460649 0.3239776 0
-8.921034E-08 0.3239776 0.946065 0
-1 -5.662441E-07 5.960464E-08 0
0.006703683 0.01610962 -0.3615306 1

5.364418E-07 -1 0 0
8.940697E-08 0 1 0
-1 -5.662441E-07 5.960464E-08 0
0.006703865 -0.3237372 -0.3615306 1

5.348431E-07 -0.940291 0.3403719 0
-9.852119E-08 0.340372 0.9402912 0
-1 -5.662441E-07 5.960464E-08 0
0.006703683 0.01610962 -0.3615306 1

5.364418E-07 -1 0 0
8.940697E-08 0 1 0
-1 -5.662441E-07 5.960464E-08 0
0.006703865 -0.3237372 -0.3615306 1

5.330249E-07 -0.9341503 0.3568801 0
-1.079259E-07 0.3568802 0.9341505 0
-1 -5.662441E-07 5.960464E-08 0
0.006703683 0.01610962 -0.3615306 1

5.364418E-07 -1 0 0
8.940697E-08 0 1 0
-1 -5.662441E-07 5.960464E-08 0
0.006703865 -0.3237372 -0.3615306 1

5.310156E-07 -0.9276383 0.3734801 0
-1.17413E-07 0.3734802 0.9276384 0
-1 -5.662441E-07 5.960464E-08 0
0.006703683 0.01610962 -0.3615306 1

5.364418E-07 -1 0 0
8.940697E-08 0 1 0
-1 -5.662441E-07 5.960464E-08 0
0.006703865 -0.3237372 -0.3615306 1

5.288117E-07 -0.9207513 0.3901504 0
-1.269714E-07 0.3901504 0.9207515 0
-1 -5.662441E-07 5.960464E-08 0
0.006703683 0.01610962 -0.3615306 1

5.364418E-07 -1 0 0
8.940697E-08 0 1 0
-1 -5.662441E-07 5.960464E-08 0
0.006703865 -0.3237372 -0.3615306 1

5.264094E-07 -0.9134867 0.4068689 0
-1.365894E-07 0.406869 0.9134868 0
-1 -5.662441E-07 5.960464E-08 0
0.006703683 0.01610962 -0.3615306 1

5.364418E-07 -1 0 0
8.940697E-08 0 1 0
-1 -5.662441E-07 5.960464E-08 0
0.006703865 -0.3237372 -0.3615306 1

5.23806E-07 -0.9058427 0.4236145 0
-1.462559E-07 0.4236145 0.9058428 0
-1 -5.662441E-07 5.960464E-08 0
0.006703683 0.01610962 -0.3615306 1

5.364418E-07 -1 0 0
8.940697E-08 0 1 0
-1 -5.662441E-07 5.960464E-08 0
0.006703865 -0.3237372 -0.3615306 1

5.209992E-07 -0.8978186 0.4403658 0
-1.559594E-07 0.4403659 0.8978187 0
-1 -5.662441E-07 5.960464E-08 0
0.006703683 0.01610962 -0.3615306 1

5.364418E-07 -1 0 0
8.940697E-08 0 1 0
-1 -5.662441E-07 5.960464E-08 0
0.006703865 -0.3237372 -0.3615306 1

5.179872E-07 -0.8894144 0.4571021 0
-1.656888E-07 0.4571021 0.8894145 0
-1 -5.662441E-07 5.960464E-08 0
0.006703683 0.01610962 -0.3615306 1

5.364418E-07 -1 0 0
8.940697E-08 0 1 0
-1 -5.662441E-07 5.960464E-08 0
0.006703865 -0.3237372 -0.3615306 1

5.147686E-07 -0.8806311 0.4738027 0
-1.75433E-07 0.4738028 0.8806313 0
-1 -5.662441E-07 5.960464E-08 0
0.006703683 0.01610962 -0.3615306 1

5.364418E-07 -1 0 0
8.940697E-08 0 1 0
-1 -5.662441E-07 5.960464E-08 0
0.006703865 -0.3237372 -0.3615306 1

5.113428E-07 -0.8714707 0.4904477 0
-1.851811E-07 0.4904478 0.8714708 0
-1 -5.662441E-07 5.960464E-08 0
0.006703683 0.01610962 -0.3615306 1

5.364418E-07 -1 0 0
8.940697E-08 0 1 0
-1 -5.662441E-07 5.960464E-08 0
0.006703865 -0.3237372 -0.3615306 1

5.077093E-07 -0.8619359 0.5070176 0
-1.949224E-07 0.5070177 0.8619359 0
-1 -5.662441E-07 5.960464E-08 0
0.006703683 0.01610962 -0.3615306 1

5.364418E-07 -1 0 0
8.940697E-08 0 1 0
-1 -5.662441E-07 5.960464E-08 0
0.006703865 -0.3237372 -0.3615306 1

5.038685E-07 -0.8520302 0.5234931 0
-2.046462E-07 0.5234931 0.8520302 0
-1 -5.662441E-07 5.960464E-08 0
0.006703683 0.01610962 -0.3615306 1

5.364418E-07 -1 0 0
8.940697E-08 0 1 0
-1 -5.662441E-07 5.960464E-08 0
0.006703865 -0.3237372 -0.3615306 1

4.998209E-07 -0.8417579 0.5398555 0
-2.143421E-07 0.5398555 0.841758 0
-1 -5.662441E-07 5.960464E-08 0
0.006703683 0.01610962 -0.3615306 1

5.364418E-07 -1 0 0
8.940697E-08 0 1 0
-1 -5.662441E-07 5.960464E-08 0
0.006703865 -0.3237372 -0.3615306 1

4.955738E-07 -0.831139 0.556065 0
-2.239869E-07 0.5560651 0.831139 0
-1 -5.662441E-07 5.960464E-08 0
0.006703683 0.01610962 -0.3615306 1

5.364418E-07 -1 0 0
8.940697E-08 0 1 0
-1 -5.662441E-07 5.960464E-08 0
0.006703865 -0.3237372 -0.3615306 1

4.911359E-07 -0.8201967 0.5720819 0
-2.335574E-07 0.5720819 0.8201967 0
-1 -5.662441E-07 5.960464E-08 0
0.006703683 0.01610962 -0.3615306 1

5.364418E-07 -1 0 0
8.940697E-08 0 1 0
-1 -5.662441E-07 5.960464E-08 0
0.006703865 -0.3237372 -0.3615306 1

4.865115E-07 -0.8089415 0.5878893 0
-2.430434E-07 0.5878894 0.8089416 0
-1 -5.662441E-07 5.960464E-08 0
0.006703683 0.01610962 -0.3615306 1

5.364418E-07 -1 0 0
8.940697E-08 0 1 0
-1 -5.662441E-07 5.960464E-08 0
0.006703865 -0.3237372 -0.3615306 1

4.817053E-07 -0.7973854 0.6034706 0
-2.524351E-07 0.6034707 0.7973855 0
-1 -5.662441E-07 5.960464E-08 0
0.006703683 0.01610962 -0.3615306 1

5.364418E-07 -1 0 0
8.940697E-08 0 1 0
-1 -5.662441E-07 5.960464E-08 0
0.006703865 -0.3237372 -0.3615306 1

4.767229E-07 -0.7855409 0.61881 0
-2.617228E-07 0.6188101 0.7855409 0
-1 -5.662441E-07 5.960464E-08 0
0.006703683 0.01610962 -0.3615306 1

5.364418E-07 -1 0 0
8.940697E-08 0 1 0
-1 -5.662441E-07 5.960464E-08 0
0.006703865 -0.3237372 -0.3615306 1

4.715703E-07 -0.7734221 0.6338915 0
-2.708966E-07 0.6338916 0.7734222 0
-1 -5.662441E-07 5.960464E-08 0
0.006703683 0.01610962 -0.3615306 1

5.364418E-07 -1 0 0
8.940697E-08 0 1 0
-1 -5.662441E-07 5.960464E-08 0
0.006703865 -0.3237372 -0.3615306 1

4.662542E-07 -0.761044 0.6487005 0
-2.799475E-07 0.6487006 0.7610441 0
-1 -5.662441E-07 5.960464E-08 0
0.006703683 0.01610962 -0.3615306 1

5.364418E-07 -1 0 0
8.940697E-08 0 1 0
-1 -5.662441E-07 5.960464E-08 0
0.006703865 -0.3237372 -0.3615306 1

4.607818E-07 -0.7484225 0.6632224 0
-2.888661E-07 0.6632225 0.7484226 0
-1 -5.662441E-07 5.960464E-08 0
0.006703683 0.01610962 -0.3615306 1

5.364418E-07 -1 0 0
8.940697E-08 0 1 0
-1 -5.662441E-07 5.960464E-08 0
0.006703865 -0.3237372 -0.3615306 1

4.551612E-07 -0.7355747 0.6774437 0
-2.976437E-07 0.6774439 0.7355748 0
-1 -5.662441E-07 5.960464E-08 0
0.006703683 0.01610962 -0.3615306 1

5.364418E-07 -1 0 0
8.940697E-08 0 1 0
-1 -5.662441E-07 5.960464E-08 0
0.006703865 -0.3237372 -0.3615306 1

4.494008E-07 -0.7225186 0.6913516 0
-3.062718E-07 0.6913517 0.7225187 0
-1 -5.662441E-07 5.960464E-08 0
0.006703683 0.01610962 -0.3615306 1

5.364418E-07 -1 0 0
8.940697E-08 0 1 0
-1 -5.662441E-07 5.960464E-08 0
0.006703865 -0.3237372 -0.3615306 1

4.435098E-07 -0.7092732 0.7049339 0
-3.147421E-07 0.7049341 0.7092733 0
-1 -5.662441E-07 5.960464E-08 0
0.006703683 0.01610962 -0.3615306 1

5.364418E-07 -1 0 0
8.940697E-08 0 1 0
-1 -5.662441E-07 5.960464E-08 0
0.006703865 -0.3237372 -0.3615306 1

4.374976E-07 -0.695858 0.7181795 0
-3.23047E-07 0.7181796 0.6958581 0
-1 -5.662441E-07 5.960464E-08 0
0.006703683 0.01610962 -0.3615306 1

5.364418E-07 -1 0 0
8.940697E-08 0 1 0
-1 -5.662441E-07 5.960464E-08 0
0.006703865 -0.3237372 -0.3615306 1

4.313745E-07 -0.6822941 0.731078 0
-3.31179E-07 0.7310781 0.6822942 0
-1 -5.662441E-07 5.960464E-08 0
0.006703683 0.01610962 -0.3615306 1

5.364418E-07 -1 0 0
8.940697E-08 0 1 0
-1 -5.662441E-07 5.960464E-08 0
0.006703865 -0.3237372 -0.3615306 1

4.25151E-07 -0.6686022 0.7436204 0
-3.391314E-07 0.7436205 0.6686023 0
-1 -5.662441E-07 5.960464E-08 0
0.006703683 0.01610962 -0.3615306 1

5.364418E-07 -1 0 0
8.940697E-08 0 1 0
-1 -5.662441E-07 5.960464E-08 0
0.006703865 -0.3237372 -0.3615306 1

4.188384E-07 -0.654805 0.7557981 0
-3.468976E-07 0.7557982 0.6548051 0
-1 -5.662441E-07 5.960464E-08 0
0.006703683 0.01610962 -0.3615306 1

5.364418E-07 -1 0 0
8.940697E-08 0 1 0
-1 -5.662441E-07 5.960464E-08 0
0.006703865 -0.3237372 -0.3615306 1

4.12448E-07 -0.6409249 0.7676038 0
-3.544716E-07 0.7676039 0.640925 0
-1 -5.662441E-07 5.960464E-08 0
0.006703683 0.01610962 -0.3615306 1

5.364418E-07 -1 0 0
8.940697E-08 0 1 0
-1 -5.662441E-07 5.960464E-08 0
0.006703865 -0.3237372 -0.3615306 1

4.059919E-07 -0.6269853 0.7790313 0
-3.618481E-07 0.7790313 0.6269854 0
-1 -5.662441E-07 5.960464E-08 0
0.006703683 0.01610962 -0.3615306 1

5.364418E-07 -1 0 0
8.940697E-08 0 1 0
-1 -5.662441E-07 5.960464E-08 0
0.006703865 -0.3237372 -0.3615306 1

3.994824E-07 -0.6130099 0.7900755 0
-3.690222E-07 0.7900755 0.6130099 0
-1 -5.662441E-07 5.960464E-08 0
0.006703683 0.01610962 -0.3615306 1

5.364418E-07 -1 0 0
8.940697E-08 0 1 0
-1 -5.662441E-07 5.960464E-08 0
0.006703865 -0.3237372 -0.3615306 1

3.92932E-07 -0.599023 0.800732 0
-3.759893E-07 0.8007321 0.5990231 0
-1 -5.662441E-07 5.960464E-08 0
0.006703683 0.01610962 -0.3615306 1

5.364418E-07 -1 0 0
8.940697E-08 0 1 0
-1 -5.662441E-07 5.960464E-08 0
0.006703865 -0.3237372 -0.3615306 1

3.863537E-07 -0.5850493 0.8109979 0
-3.827457E-07 0.810998 0.5850493 0
-1 -5.662441E-07 5.960464E-08 0
0.006703683 0.01610962 -0.3615306 1

5.364418E-07 -1 0 0
8.940697E-08 0 1 0
-1 -5.662441E-07 5.960464E-08 0
0.006703865 -0.3237372 -0.3615306 1

3.797607E-07 -0.5711134 0.8208714 0
-3.892882E-07 0.8208714 0.5711135 0
-1 -5.662441E-07 5.960464E-08 0
0.006703683 0.01610962 -0.3615306 1

5.364418E-07 -1 0 0
8.940697E-08 0 1 0
-1 -5.662441E-07 5.960464E-08 0
0.006703865 -0.3237372 -0.3615306 1

3.731665E-07 -0.5572408 0.8303511 0
-3.956139E-07 0.8303512 0.5572409 0
-1 -5.662441E-07 5.960464E-08 0
0.006703683 0.01610962 -0.3615306 1

5.364418E-07 -1 0 0
8.940697E-08 0 1 0
-1 -5.662441E-07 5.960464E-08 0
0.006703865 -0.3237372 -0.3615306 1

3.665845E-07 -0.5434569 0.8394372 0
-4.017204E-07 0.8394373 0.543457 0
-1 -5.662441E-07 5.960464E-08 0
0.006703683 0.01610962 -0.3615306 1

5.364418E-07 -1 0 0
8.940697E-08 0 1 0
-1 -5.662441E-07 5.960464E-08 0
0.006703865 -0.3237372 -0.3615306 1

3.600287E-07 -0.5297869 0.8481309 0
-4.076063E-07 0.848131 0.529787 0
-1 -5.662441E-07 5.960464E-08 0
0.006703683 0.01610962 -0.3615306 1

5.364418E-07 -1 0 0
8.940697E-08 0 1 0
-1 -5.662441E-07 5.960464E-08 0
0.006703865 -0.3237372 -0.3615306 1

3.535127E-07 -0.5162565 0.8564342 0
-4.132702E-07 0.8564342 0.5162566 0
-1 -5.662441E-07 5.960464E-08 0
0.006703683 0.01610962 -0.3615306 1

5.364418E-07 -1 0 0
8.940697E-08 0 1 0
-1 -5.662441E-07 5.960464E-08 0
0.006703865 -0.3237372 -0.3615306 1

3.470508E-07 -0.5028912 0.8643498 0
-4.187114E-07 0.8643499 0.5028913 0
-1 -5.662441E-07 5.960464E-08 0
0.006703683 0.01610962 -0.3615306 1

5.364418E-07 -1 0 0
8.940697E-08 0 1 0
-1 -5.662441E-07 5.960464E-08 0
0.006703865 -0.3237372 -0.3615306 1

3.406566E-07 -0.4897164 0.871882 0
-4.239299E-07 0.871882 0.4897164 0
-1 -5.662441E-07 5.960464E-08 0
0.006703683 0.01610962 -0.3615306 1

5.364418E-07 -1 0 0
8.940697E-08 0 1 0
-1 -5.662441E-07 5.960464E-08 0
0.006703865 -0.3237372 -0.3615306 1

3.343444E-07 -0.4767573 0.8790352 0
-4.289259E-07 0.8790353 0.4767573 0
-1 -5.662441E-07 5.960464E-08 0
0.006703683 0.01610962 -0.3615306 1

5.364418E-07 -1 0 0
8.940697E-08 0 1 0
-1 -5.662441E-07 5.960464E-08 0
0.006703865 -0.3237372 -0.3615306 1

3.281282E-07 -0.4640395 0.8858147 0
-4.336997E-07 0.8858148 0.4640396 0
-1 -5.662441E-07 5.960464E-08 0
0.006703683 0.01610962 -0.3615306 1

5.364418E-07 -1 0 0
8.940697E-08 0 1 0
-1 -5.662441E-07 5.960464E-08 0
0.006703865 -0.3237372 -0.3615306 1

3.220219E-07 -0.4515878 0.8922269 0
-4.382528E-07 0.892227 0.4515879 0
-1 -5.662441E-07 5.960464E-08 0
0.006703683 0.01610962 -0.3615306 1

5.364418E-07 -1 0 0
8.940697E-08 0 1 0
-1 -5.662441E-07 5.960464E-08 0
0.006703865 -0.3237372 -0.3615306 1

3.160394E-07 -0.4394271 0.8982784 0
-4.425863E-07 0.8982785 0.4394271 0
-1 -5.662441E-07 5.960464E-08 0
0.006703683 0.01610962 -0.3615306 1

5.364418E-07 -1 0 0
8.940697E-08 0 1 0
-1 -5.662441E-07 5.960464E-08 0
0.006703865 -0.3237372 -0.3615306 1

3.101946E-07 -0.4275818 0.9039769 0
-4.467022E-07 0.903977 0.4275818 0
-1 -5.662441E-07 5.960464E-08 0
0.006703683 0.01610962 -0.3615306 1

5.364418E-07 -1 0 0
8.940697E-08 0 1 0
-1 -5.662441E-07 5.960464E-08 0
0.006703865 -0.3237372 -0.3615306 1

3.045011E-07 -0.4160762 0.90933 0
-4.506025E-07 0.9093301 0.4160763 0
-1 -5.662441E-07 5.960464E-08 0
0.006703683 0.01610962 -0.3615306 1

5.364418E-07 -1 0 0
8.940697E-08 0 1 0
-1 -5.662441E-07 5.960464E-08 0
0.006703865 -0.3237372 -0.3615306 1

2.989727E-07 -0.4049345 0.9143458 0
-4.542894E-07 0.9143459 0.4049346 0
-1 -5.662441E-07 5.960464E-08 0
0.006703683 0.01610962 -0.3615306 1

5.364418E-07 -1 0 0
8.940697E-08 0 1 0
-1 -5.662441E-07 5.960464E-08 0
0.006703865 -0.3237372 -0.3615306 1

2.936226E-07 -0.3941799 0.9190335 0
-4.577656E-07 0.9190336 0.39418 0
-1 -5.662441E-07 5.960464E-08 0
0.006703683 0.01610962 -0.3615306 1

5.364418E-07 -1 0 0
8.940697E-08 0 1 0
-1 -5.662441E-07 5.960464E-08 0
0.006703865 -0.3237372 -0.3615306 1

2.884642E-07 -0.3838361 0.9234014 0
-4.610336E-07 0.9234015 0.3838361 0
-1 -5.662441E-07 5.960464E-08 0
0.006703683 0.01610962 -0.3615306 1

5.364418E-07 -1 0 0
8.940697E-08 0 1 0
-1 -5.662441E-07 5.960464E-08 0
0.006703865 -0.3237372 -0.3615306 1

2.835191E-07 -0.3739426 0.927452 0
-4.64091E-07 0.9274521 0.3739427 0
-1 -5.662441E-07 5.960464E-08 0
0.006703683 0.01610962 -0.3615306 1

5.364418E-07 -1 0 0
8.940697E-08 0 1 0
-1 -5.662441E-07 5.960464E-08 0
0.006703865 -0.3237372 -0.3615306 1

2.788059E-07 -0.3645335 0.9311904 0
-4.669377E-07 0.9311906 0.3645336 0
-1 -5.662441E-07 5.960464E-08 0
0.006703683 0.01610962 -0.3615306 1

5.364418E-07 -1 0 0
8.940697E-08 0 1 0
-1 -5.662441E-07 5.960464E-08 0
0.006703865 -0.3237372 -0.3615306 1

2.743335E-07 -0.3556232 0.9346297 0
-4.695793E-07 0.9346298 0.3556232 0
-1 -5.662441E-07 5.960464E-08 0
0.006703683 0.01610962 -0.3615306 1

5.364418E-07 -1 0 0
8.940697E-08 0 1 0
-1 -5.662441E-07 5.960464E-08 0
0.006703865 -0.3237372 -0.3615306 1

2.701103E-07 -0.3472251 0.937782 0
-4.720212E-07 0.9377821 0.3472252 0
-1 -5.662441E-07 5.960464E-08 0
0.006703683 0.01610962 -0.3615306 1

5.364418E-07 -1 0 0
8.940697E-08 0 1 0
-1 -5.662441E-07 5.960464E-08 0
0.006703865 -0.3237372 -0.3615306 1

2.661444E-07 -0.3393525 0.9406595 0
-4.742687E-07 0.9406596 0.3393525 0
-1 -5.662441E-07 5.960464E-08 0
0.006703683 0.01610962 -0.3615306 1

5.364418E-07 -1 0 0
8.940697E-08 0 1 0
-1 -5.662441E-07 5.960464E-08 0
0.006703865 -0.3237372 -0.3615306 1

2.624434E-07 -0.3320177 0.9432734 0
-4.763266E-07 0.9432735 0.3320178 0
-1 -5.662441E-07 5.960464E-08 0
0.006703683 0.01610962 -0.3615306 1

5.364418E-07 -1 0 0
8.940697E-08 0 1 0
-1 -5.662441E-07 5.960464E-08 0
0.006703865 -0.3237372 -0.3615306 1

2.590152E-07 -0.3252336 0.9456339 0
-4.781995E-07 0.945634 0.3252337 0
-1 -5.662441E-07 5.960464E-08 0
0.006703683 0.01610962 -0.3615306 1

5.364418E-07 -1 0 0
8.940697E-08 0 1 0
-1 -5.662441E-07 5.960464E-08 0
0.006703865 -0.3237372 -0.3615306 1

2.558667E-07 -0.3190117 0.947751 0
-4.798915E-07 0.9477511 0.3190117 0
-1 -5.662441E-07 5.960464E-08 0
0.006703683 0.01610962 -0.3615306 1

5.364418E-07 -1 0 0
8.940697E-08 0 1 0
-1 -5.662441E-07 5.960464E-08 0
0.006703865 -0.3237372 -0.3615306 1

2.530051E-07 -0.3133633 0.9496335 0
-4.814063E-07 0.9496336 0.3133634 0
-1 -5.662441E-07 5.960464E-08 0
0.006703683 0.01610962 -0.3615306 1

5.364418E-07 -1 0 0
8.940697E-08 0 1 0
-1 -5.662441E-07 5.960464E-08 0
0.006703865 -0.3237372 -0.3615306 1

2.504366E-07 -0.3082995 0.9512895 0
-4.827474E-07 0.9512896 0.3082995 0
-1 -5.662441E-07 5.960464E-08 0
0.006703683 0.01610962 -0.3615306 1

5.364418E-07 -1 0 0
8.940697E-08 0 1 0
-1 -5.662441E-07 5.960464E-08 0
0.006703865 -0.3237372 -0.3615306 1

2.481677E-07 -0.3038305 0.9527262 0
-4.839177E-07 0.9527264 0.3038305 0
-1 -5.662441E-07 5.960464E-08 0
0.006703683 0.01610962 -0.3615306 1

5.364418E-07 -1 0 0
8.940697E-08 0 1 0
-1 -5.662441E-07 5.960464E-08 0
0.006703865 -0.3237372 -0.3615306 1

2.462045E-07 -0.2999668 0.9539497 0
-4.849194E-07 0.9539499 0.2999669 0
-1 -5.662441E-07 5.960464E-08 0
0.006703683 0.01610962 -0.3615306 1

5.364418E-07 -1 0 0
8.940697E-08 0 1 0
-1 -5.662441E-07 5.960464E-08 0
0.006703865 -0.3237372 -0.3615306 1

2.445526E-07 -0.2967182 0.9549652 0
-4.857547E-07 0.9549654 0.2967182 0
-1 -5.662441E-07 5.960464E-08 0
0.006703683 0.01610962 -0.3615306 1

5.364418E-07 -1 0 0
8.940697E-08 0 1 0
-1 -5.662441E-07 5.960464E-08 0
0.006703865 -0.3237372 -0.3615306 1

2.432174E-07 -0.2940939 0.9557767 0
-4.864246E-07 0.9557768 0.294094 0
-1 -5.662441E-07 5.960464E-08 0
0.006703683 0.01610962 -0.3615306 1

5.364418E-07 -1 0 0
8.940697E-08 0 1 0
-1 -5.662441E-07 5.960464E-08 0
0.006703865 -0.3237372 -0.3615306 1

2.422042E-07 -0.2921036 0.9563868 0
-4.869298E-07 0.9563869 0.2921036 0
-1 -5.662441E-07 5.960464E-08 0
0.006703683 0.01610962 -0.3615306 1

5.364418E-07 -1 0 0
8.940697E-08 0 1 0
-1 -5.662441E-07 5.960464E-08 0
0.006703865 -0.3237372 -0.3615306 1

2.415177E-07 -0.2907554 0.9567975 0
-4.872707E-07 0.9567976 0.2907555 0
-1 -5.662441E-07 5.960464E-08 0
0.006703683 0.01610962 -0.3615306 1

