MeshAnim
1
170
35
30
-0.4188767 0.8683718 0.2654671 0
-0.6365347 -0.07230818 -0.767851 0
-0.6475846 -0.4906139 0.5830368 0
0.008167352 0.04013705 0.04389646 1

-0.02320367 -0.9566913 -0.2901781 0
-0.3617953 -0.2625468 0.8945239 0
-0.9319686 0.1257413 -0.3400344 0
0.00340167 0.05953532 8.479485E-18 1

-0.0229143 -0.9564821 -0.2908898 0
-0.3618098 -0.2633091 0.894294 0
-0.9319701 0.1257389 -0.340031 0
0.002396844 0.06470703 0.004666486 1

0.5498769 -0.6211568 -0.5583901 0
-0.51457 -0.7785301 0.3593165 0
-0.6579154 0.0897509 -0.7477244 0
0.002818384 0.08190782 0.0098863 1

0.4245784 0.8957176 -0.1319962 0
-0.3164629 0.2834116 0.9052784 0
0.8482832 -0.3425899 0.4037918 0
-0.007349238 0.06098582 -0.003922519 1

-0.02014744 0.7202276 -0.6934453 0
-0.3932407 0.6319757 0.6678088 0
0.9192148 0.2861457 0.2704901 0
0.01415258 0.05808483 0.003922523 1

0.1359212 0.8778466 0.4592504 0
-0.5118018 -0.3346905 0.7912277 0
0.8482833 -0.3425899 0.4037919 0
-0.01862788 0.03719167 -0.0004161252 1

-0.3335335 0.9309487 0.1486269 0
-0.2092835 -0.2268377 0.951181 0
0.9192148 0.2861456 0.2704901 0
0.01468778 0.03895245 0.02234344 1

0.3649518 -0.2876847 -0.8854645 0
-0.3211297 -0.9315945 0.1703155 0
-0.8738911 0.222192 -0.4323712 0
-0.01245659 0.1023497 0.02578028 1

0.3009947 0.2288291 0.9257644 0
0.5150096 0.7780352 -0.3597591 0
-0.8026 0.5850631 0.1163353 0
-0.01745478 0.1037139 0.01813537 1

-3.360212E-06 1 1.66893E-06 0
-0.2228186 -2.294779E-06 0.9748599 0
0.9748602 2.808869E-06 0.2228187 0
-0.0231356 0.008078624 -0.01564679 1

-0.7423458 0.5673263 -0.3564595 0
0.6505982 0.7375081 -0.1811177 0
0.1601388 -0.3663642 -0.9165874 0
-0.005445053 0.1020756 0.03178453 1

-1.624227E-06 1 4.470348E-07 0
-0.3274245 -1.072884E-06 0.9448771 0
0.9448772 1.439825E-06 0.3274246 0
0.02574914 0.008078311 0.01741435 1

0.3081239 -0.926659 -0.2153201 0
0.03721353 -0.2144186 0.9760325 0
-0.9506178 -0.3087519 -0.03158319 0
-0.01647801 0.1055197 0.03553726 1

0.01384813 0.7808873 0.6245186 0
0.835676 0.333918 -0.4360552 0
-0.5490476 0.5279338 -0.6479447 0
-0.02042335 0.1014571 0.009004988 1

0.2228199 5.960464E-07 -0.9748597 0
-2.451241E-06 1 1.788139E-07 0
0.9748597 2.17557E-06 0.22282 0
-0.02609006 1.257285E-05 -0.002720511 1

-0.3073264 0.9502384 0.05096212 0
0.3726291 0.1694474 -0.9123785 0
-0.8756129 -0.2614083 -0.4061623 0
0.001876359 0.09648027 0.03530013 1

0.3274246 9.834766E-07 -0.9448773 0
-1.527369E-06 1 3.427267E-07 0
0.9448773 1.427718E-06 0.3274247 0
0.02140762 1.227111E-05 0.02994307 1

-0.1142179 0.4426512 -0.8893896 0
-0.2885813 0.8418626 0.4560573 0
0.950618 0.3087512 0.03158498 0
-0.01706453 0.107263 0.03614952 1

0.5283343 0.8199373 0.2203766 0
0.6476181 -0.2213341 -0.7291101 0
-0.5490475 0.5279338 -0.6479448 0
-0.02075236 0.08290448 -0.005832569 1

-0.06649232 0.8981218 -0.4346905 0
0.478415 -0.3536142 -0.8037884 0
-0.8756129 -0.2614085 -0.4061624 0
0.009177934 0.07390414 0.03408935 1

0.3337386 0.9028475 0.2710807 0
0.8945377 -0.2126114 -0.3931895 0
-0.2973552 0.3737145 -0.8785882 0
-0.03050759 0.06776503 -0.009901629 1

-0.1625621 0.9824787 -0.09115401 0
-0.6756347 -0.1781646 -0.7153845 0
-0.7190903 -0.05470763 0.6927594 0
0.01040565 0.05732109 0.04211555 1

-0.02030018 0.8759176 0.4820338 0
0.993851 0.07016911 -0.08565125 0
-0.1088471 0.4773311 -0.8719561 0
-0.03629085 0.05162192 -0.01433903 1

-0.4159515 0.9093164 -0.01129808 0
-0.1032071 -0.05954662 -0.9928759 0
-0.903511 -0.4118226 0.1186165 0
-0.03119026 0.05692682 -0.007674879 1

0.5473682 0.810811 0.2073015 0
0.4824985 -0.1033511 -0.8697778 0
-0.6838003 0.5761111 -0.4477859 0
0.007209068 0.04761322 0.04640862 1

0.127842 0.7057562 0.6968248 0
-0.699026 0.5625325 -0.4414968 0
-0.7035756 -0.4306569 0.5652568 0
0.01298371 0.03990029 0.0440143 1

-0.5219471 0.7190796 0.4587979 0
0.8523368 0.4188355 0.3132077 0
0.0330604 0.5545282 -0.8315079 0
-0.03622152 0.04863033 -0.01598535 1

-0.3947073 0.9074475 0.1440309 0
-0.1669535 0.08331478 -0.9824384 0
-0.9035109 -0.4118225 0.1186163 0
-0.02903879 0.05222341 -0.007616437 1

0.6207188 0.01481121 0.783893 0
-0.3459608 0.9023941 0.2568962 0
-0.7035757 -0.4306569 0.565257 0
0.01254707 0.03748986 0.04163438 1

0.2687486 0.7693948 0.5794876 0
0.6783737 0.2759122 -0.6809415 0
-0.6838002 0.5761111 -0.4477859 0
0.004377831 0.04341935 0.04533637 1

-0.9103224 0.3601431 0.2039835 0
0.4013692 0.6477678 0.6475337 0
0.1010711 0.6713374 -0.7342279 0
-0.03490307 0.04681392 -0.01714429 1

-0.3143745 0.8249875 0.4696421 0
-0.2912663 0.387037 -0.8748521 0
-0.9035107 -0.4118225 0.1186163 0
-0.02783614 0.04945847 -0.00805529 1

0.5748776 -0.8125284 0.09650322 0
0.4177278 0.3928514 0.8192504 0
-0.7035757 -0.4306568 0.5652568 0
0.01097912 0.03745245 0.03965425 1

0.02195543 0.6296515 0.7765675 0
0.7293384 0.5211858 -0.4432044 0
-0.6838003 0.5761111 -0.4477861 0
0.003558971 0.04107504 0.04357068 1

-0.4147978 0.8683829 0.2717612 0
-0.6346689 -0.06209897 -0.7702851 0
-0.6520262 -0.491991 0.576894 0
0.008466724 0.04063767 0.04210524 1

-0.03005376 -0.9629397 -0.2680372 0
-0.3601722 -0.2397115 0.9015621 0
-0.9324015 0.1236349 -0.3396199 0
0.002599628 0.05944007 -0.0007088311 1

-0.027449 -0.9601671 -0.2780752 0
-0.366996 -0.2490744 0.8962564 0
-0.9298173 0.1266539 -0.3455407 0
0.001643069 0.06472375 0.003841097 1

0.5232651 -0.6392296 -0.5635415 0
-0.518378 -0.7636445 0.3848783 0
-0.6763709 0.09073423 -0.7309511 0
0.002146156 0.08199048 0.008830177 1

0.4187444 0.8926411 -0.1668687 0
-0.3046608 0.311198 0.9001876 0
0.8554734 -0.3261102 0.4022651 0
-0.008155841 0.06086715 -0.004625955 1

-0.03176898 0.7218681 -0.691301 0
-0.4112273 0.6209569 0.6673114 0
0.9109789 0.3054818 0.2771247 0
0.0133556 0.05801398 0.003208867 1

0.1154687 0.8773714 0.4657107 0
-0.5048089 -0.3519541 0.7882235 0
0.8554735 -0.3261102 0.4022653 0
-0.01927951 0.03715473 -0.0001931997 1

-0.3494761 0.928533 0.1252708 0
-0.2190515 -0.2109677 0.9526327 0
0.9109789 0.3054817 0.2771247 0
0.01419952 0.03883803 0.02157282 1

0.3509648 -0.3052151 -0.8852499 0
-0.3261202 -0.9260406 0.1899856 0
-0.8777637 0.2220197 -0.4245444 0
-0.01232233 0.1029392 0.02481868 1

0.3310457 0.2373968 0.9132642 0
0.5179276 0.7633044 -0.3861574 0
-0.7887709 0.6008406 0.1297342 0
-0.01750116 0.1042822 0.01729241 1

-0.000431709 1 1.363456E-05 0
-0.223467 -0.0001097918 0.9747116 0
0.9747116 0.000417687 0.2234671 0
-0.02310893 0.008057434 -0.01563811 1

-0.7463578 0.5613643 -0.3575186 0
0.6514612 0.7261293 -0.2198498 0
0.1361888 -0.3969963 -0.9076597 0
-0.005156562 0.1026253 0.03063423 1

0.001496866 0.9999987 8.668005E-05 0
-0.3265003 0.0004066527 0.9451967 0
0.9451957 -0.00144305 0.3265006 0
0.02578961 0.008044004 0.01741832 1

0.2805045 -0.9339224 -0.2215997 0
0.01023117 -0.2279462 0.9736199 0
-0.9597979 -0.275372 -0.05438474 0
-0.01618963 0.1063024 0.03457329 1

0.0005213469 0.7827681 0.6223131 0
0.8164318 0.3590164 -0.4522676 0
-0.5774412 0.5083122 -0.6388899 0
-0.02076612 0.1019408 0.008285304 1

0.2234683 0.0001081079 -0.9747113 0
-0.0004307553 1 1.220405E-05 0
0.9747114 0.0004170202 0.2234684 0
-0.02606854 -1.004711E-05 -0.002713898 1

-0.3111073 0.9487075 0.05626671 0
0.3935043 0.1824801 -0.9010299 0
-0.8650815 -0.258176 -0.4300916 0
0.002204422 0.0970888 0.03416027 1

0.3265004 -0.0004067421 -0.945197 0
0.001496971 0.9999988 8.651614E-05 0
0.9451958 -0.001443106 0.3265007 0
0.02144826 -1.662225E-05 0.02995058 1

-0.08110762 0.4575795 -0.8854619 0
-0.2687169 0.8454536 0.4615186 0
0.9597981 0.2753712 0.05438656 0
-0.01672835 0.1080569 0.03519717 1

0.4758555 0.8454196 0.2425432 0
0.6634175 -0.1639647 -0.7300633 0
-0.5774411 0.5083122 -0.6388899 0
-0.02077851 0.08334352 -0.006499853 1

-0.06432569 0.9074016 -0.4153123 0
0.4974893 -0.3316132 -0.8015837 0
-0.8650814 -0.2581761 -0.4300916 0
0.009595825 0.07454904 0.03282346 1

0.284903 0.9138792 0.2892317 0
0.9348618 -0.1982357 -0.2945092 0
-0.2118098 0.3542984 -0.9108288 0
-0.02956477 0.06773357 -0.01097821 1

-0.1563603 0.9842116 -0.08293891 0
-0.6745284 -0.1677459 -0.7189384 0
-0.7214998 -0.05646878 0.6901073 0
0.01078354 0.05779466 0.04049185 1

-0.08856555 0.8820953 0.4626704 0
0.9951292 0.0985435 0.00261423 0
-0.04328716 0.4606486 -0.8865263 0
-0.03451858 0.05140321 -0.0157233 1

-0.4039344 0.9087772 -0.1046943 0
0.03008258 -0.1011886 -0.9944123 0
-0.9142927 -0.4048271 0.01353517 0
-0.03025143 0.05691599 -0.00865439 1

0.5516158 0.8056194 0.2160948 0
0.4844963 -0.09858525 -0.86922 0
-0.6789569 0.5841727 -0.444701 0
0.007515516 0.04806878 0.04468933 1

0.1299848 0.6987877 0.7034199 0
-0.6942829 0.5706314 -0.4385774 0
-0.707866 -0.4313644 0.5593298 0
0.01325077 0.04034246 0.04224403 1

-0.5814137 0.7100002 0.3973128 0
0.8097567 0.4575129 0.3673919 0
0.07907265 0.5353332 -0.8409313 0
-0.03421609 0.04839053 -0.01730349 1

-0.4036717 0.9134235 0.05202264 0
-0.03342354 0.04210036 -0.9985541 0
-0.9142927 -0.4048271 0.01353517 0
-0.0281621 0.05221539 -0.008112861 1

0.6184219 0.004129313 0.7858351 0
-0.3412907 0.9021679 0.2638421 0
-0.707866 -0.4313643 0.5593299 0
0.01280683 0.03795584 0.03984158 1

0.2716268 0.7626058 0.5870699 0
0.6820818 0.2778026 -0.6764534 0
-0.6789569 0.5841728 -0.4447009 0
0.004662311 0.04390175 0.0435716 1

-0.9143002 0.3733836 0.1569708 0
0.3822496 0.6672692 0.6392475 0
0.1339427 0.6444661 -0.7528097 0
-0.03274743 0.04659704 -0.01830711 1

-0.3737826 0.8561119 0.3568732 0
-0.1560595 0.3212276 -0.9340546 0
-0.9142927 -0.4048271 0.01353517 0
-0.02693213 0.04943223 -0.008271375 1

0.5696744 -0.8168145 0.09101754 0
0.4176071 0.3830646 0.8239329 0
-0.707866 -0.4313641 0.5593297 0
0.01124468 0.03794542 0.03785655 1

0.02340059 0.6226243 0.782171 0
0.7338046 0.5206543 -0.4364049 0
-0.6789567 0.5841728 -0.444701 0
0.003834685 0.04157814 0.04178282 1

-0.4108726 0.868153 0.2783783 0
-0.6335276 -0.05230056 -0.7719505 0
-0.6556116 -0.4935338 0.5714875 0
0.008864807 0.04109866 0.04019855 1

-0.03739914 -0.9686245 -0.2456994 0
-0.3572579 -0.2166619 0.9085287 0
-0.9332567 0.1217561 -0.3379459 0
0.00175862 0.05933594 -0.001469716 1

-0.03238887 -0.9635658 -0.2655037 0
-0.3709766 -0.2350769 0.8983958 0
-0.9280772 0.1275936 -0.3498465 0
0.0008575449 0.06472875 0.002962187 1

0.4945481 -0.6568221 -0.5692158 0
-0.520698 -0.7482753 0.411045 0
-0.6959136 0.09310798 -0.712064 0
0.001449433 0.08205625 0.007724887 1

0.4110647 0.8893431 -0.2002384 0
-0.2936766 0.337136 0.8944794 0
0.8630065 -0.3088835 0.399764 0
-0.009006235 0.06074285 -0.005367007 1

-0.04529032 0.7246485 -0.6876292 0
-0.429395 0.6073813 0.668362 0
0.9019805 0.3255351 0.283652 0
0.01252486 0.05793203 0.002428402 1

0.0954401 0.8767439 0.4713938 0
-0.4960961 -0.3686625 0.7861151 0
0.8630067 -0.3088835 0.3997641 0
-0.0199259 0.03711803 -4.780537E-05 1

-0.3654382 0.925454 0.09994927 0
-0.2299697 -0.1938098 0.9537043 0
0.9019805 0.3255349 0.2836519 0
0.01372796 0.03868222 0.02069481 1

0.3348789 -0.3220886 -0.8855026 0
-0.3302554 -0.9202713 0.2098391 0
-0.8824892 0.2221713 -0.414551 0
-0.01215297 0.1034963 0.02382216 1

0.363521 0.2446825 0.8988789 0
0.5188059 0.7482419 -0.4134911 0
-0.7737524 0.6166563 0.1450588 0
-0.01752545 0.1048304 0.01643263 1

-0.001355954 0.9999996 0.0004012287 0
-0.2243641 -0.0006951541 0.9745052 0
0.9745048 0.001231339 0.2243652 0
-0.02309109 0.008041561 -0.01568119 1

-0.7513404 0.5558137 -0.3557504 0
0.650707 0.7137275 -0.2591793 0
0.1098533 -0.4262212 -0.8979242 0
-0.004826203 0.1031299 0.02942892 1

0.003794193 0.9999927 0.0006817728 0
-0.3248186 0.0005873889 0.945776 0
0.9457687 -0.003809661 0.3248186 0
0.02584741 0.007990312 0.01738008 1

0.252593 -0.9400148 -0.2292798 0
-0.0164932 -0.2411126 0.9703569 0
-0.967432 -0.2413241 -0.07640725 0
-0.01584302 0.1070454 0.03357956 1

-0.01356214 0.7833767 0.6213994 0
0.7951614 0.38524 -0.4683036 0
-0.6062458 0.4877617 -0.6281358 0
-0.02111069 0.1024172 0.007567406 1

0.2243655 0.0006934553 -0.9745048 0
-0.001354963 0.9999995 0.0003997236 0
0.9745046 0.001230773 0.2243665 0
-0.02605514 -3.36878E-05 -0.002762841 1

-0.3156489 0.9468005 0.06272868 0
0.4134797 0.1967473 -0.8890022 0
-0.8540496 -0.2546758 -0.453586 0
0.00258392 0.0976482 0.03293752 1

0.3248186 -0.0005874485 -0.9457762 0
0.003794253 0.9999928 0.000681594 0
0.9457688 -0.003809687 0.3248187 0
0.02150984 -6.787106E-05 0.02991522 1

-0.04817277 0.4718611 -0.880356 0
-0.2485046 0.8480038 0.4681187 0
0.967432 0.2413233 0.07640907 0
-0.01633333 0.108809 0.03421759 1

0.4192258 0.8671859 0.2687729 0
0.6758074 -0.100388 -0.7302099 0
-0.606246 0.4877616 -0.6281359 0
-0.02078849 0.0838054 -0.007196046 1

-0.06356297 0.916516 -0.3949158 0
0.5162941 -0.3084463 -0.7989376 0
-0.8540496 -0.254676 -0.453586 0
0.01008322 0.07515375 0.03144718 1

0.2335022 0.9208625 0.3122331 0
0.9651616 -0.1805097 -0.1894176 0
-0.1180663 0.345585 -0.9309306 0
-0.02852912 0.06779356 -0.01215871 1

-0.1507205 0.9857969 -0.07408227 0
-0.6742102 -0.157309 -0.721592 0
-0.7229966 -0.05881171 0.6883437 0
0.01125685 0.05823107 0.03873897 1

-0.1559676 0.8822856 0.4441244 0
0.9873573 0.1263823 0.09567326 0
0.02828175 0.4534314 -0.8908424 0
-0.0326115 0.05134322 -0.01730239 1

-0.3742547 0.9082342 -0.1872008 0
0.1688918 -0.1317363 -0.9767913 0
-0.9118162 -0.3971859 -0.1040903 0
-0.02925141 0.05697534 -0.009848684 1

0.5557299 0.8004858 0.224472 0
0.4854413 -0.09324941 -0.869282 0
-0.6749157 0.5920537 -0.4404101 0
0.00792734 0.04848522 0.04284071 1

0.1326666 0.6915115 0.7100787 0
-0.6903276 0.5785421 -0.4344379 0
-0.7112294 -0.4325519 0.5541226 0
0.0136236 0.04074987 0.04033357 1

-0.6355429 0.6960338 0.3340986 0
0.7608556 0.491163 0.4240972 0
0.1310891 0.5237329 -0.8417362 0
-0.03207881 0.04832989 -0.01881924 1

-0.3960532 0.917662 -0.03222389 0
0.1083186 0.0118432 -0.9940459 0
-0.9118162 -0.3971859 -0.1040904 0
-0.0273156 0.05227755 -0.008880395 1

0.6170755 -0.006602943 0.7868762 0
-0.3367055 0.9015849 0.2716135 0
-0.7112294 -0.4325519 0.5541226 0
0.0131705 0.0383881 0.03790839 1

0.2748638 0.7556096 0.5945626 0
0.6847911 0.2802272 -0.6727066 0
-0.6749157 0.5920537 -0.4404101 0
0.005052858 0.04434475 0.04167964 1

-0.9145234 0.3894491 0.1094344 0
0.3652224 0.6785434 0.6373321 0
0.1739526 0.6228232 -0.7627791 0
-0.03047341 0.04657168 -0.01966318 1

-0.4105783 0.8794822 0.2406992 0
-0.004056543 0.2622108 -0.9650022 0
-0.9118162 -0.3971858 -0.1040903 0
-0.02610884 0.04948148 -0.008782208 1

0.5649483 -0.8207979 0.08440442 0
0.4183134 0.3730819 0.828145 0
-0.7112294 -0.4325519 0.5541226 0
0.01161174 0.03840478 0.03592072 1

0.02552298 0.6152204 0.7879421 0
0.7374533 0.5205541 -0.4303323 0
-0.6749157 0.5920537 -0.4404102 0
0.004215363 0.04204245 0.03986803 1

-0.4072475 0.8676637 0.2851478 0
-0.6328279 -0.04295418 -0.7731001 0
-0.6585426 -0.4952924 0.5665748 0
0.009349042 0.04152028 0.03820115 1

-0.0450047 -0.9737343 -0.2231951 0
-0.3534262 -0.1934526 0.9152409 0
-0.9343792 0.1200731 -0.3354369 0
0.0008931013 0.05922469 -0.002263345 1

-0.03753626 -0.9666969 -0.2531562 0
-0.3741494 -0.221312 0.9005736 0
-0.9266083 0.1285224 -0.3533819 0
5.206373E-05 0.06472352 0.002048673 1

0.4640734 -0.6738614 -0.5749317 0
-0.5216056 -0.7324813 0.4374912 0
-0.7159352 0.09685951 -0.691415 0
0.0007364558 0.08210698 0.006589011 1

0.4018216 0.8858411 -0.2320018 0
-0.2835141 0.3612547 0.8883213 0
0.8707233 -0.291171 0.3963084 0
-0.009884176 0.06061412 -0.006131364 1

-0.06026167 0.7282529 -0.6826537 0
-0.4473565 0.591664 0.6706758 0
0.892323 0.3458058 0.290134 0
0.01167293 0.05784101 0.001605327 1

0.07608133 0.8759324 0.4763972 0
-0.4858523 -0.3846584 0.7848475 0
0.8707235 -0.291171 0.3963085 0
-0.02055831 0.03708233 3.160932E-05 1

-0.3809937 0.9216719 0.07324307 0
-0.2420805 -0.1758958 0.9541792 0
0.8923231 0.3458056 0.290134 0
0.01327374 0.03849544 0.01973958 1

0.3172148 -0.3382909 -0.8859649 0
-0.3335843 -0.9143138 0.2296773 0
-0.8877477 0.2226869 -0.4028825 0
-0.0119505 0.1040207 0.02279566 1

0.3974754 0.250535 0.8827488 0
0.5179432 0.7328516 -0.4412066 0
-0.7574615 0.6325824 0.1615276 0
-0.01752388 0.1053582 0.01555838 1

-0.002631865 0.9999961 0.001130179 0
-0.2253429 -0.001694098 0.9742781 0
0.9742763 0.002309345 0.2253465 0
-0.02308148 0.008032769 -0.01576771 1

-0.7570455 0.550688 -0.3516026 0
0.6482197 0.7004401 -0.2986549 0
0.08181088 -0.4540111 -0.887232 0
-0.004461081 0.1035895 0.02817741 1

0.006732617 0.9999759 0.00164786 0
-0.322846 0.0006139129 0.9464512 0
0.9464272 -0.006904012 0.3228424 0
0.02590908 0.00792896 0.01731053 1

0.2246066 -0.9449219 -0.2380644 0
-0.04339528 -0.2537634 0.9662924 0
-0.9734825 -0.2067047 -0.09800211 0
-0.0154459 0.1077483 0.03255815 1

-0.02759454 0.7827793 0.6216872 0
0.7720984 0.4117025 -0.4841124 0
-0.6349034 0.466645 -0.6157435 0
-0.021444 0.1028873 0.006852243 1

0.2253442 0.001692414 -0.9742777 0
-0.002630875 0.999996 0.001128659 0
0.9742759 0.002308734 0.2253478 0
-0.02604822 -5.569682E-05 -0.002858251 1

-0.3209006 0.9445258 0.06995378 0
0.4327964 0.2119369 -0.8762249 0
-0.8424428 -0.2509056 -0.4767981 0
0.003005309 0.09815833 0.03164511 1

0.322846 -0.0006140471 -0.9464514 0
0.006732658 0.999976 0.001647785 0
0.9464273 -0.006904004 0.3228424 0
0.02157396 -0.0001287349 0.02984683 1

-0.01504701 0.4853432 -0.8741942 0
-0.2282648 0.8495383 0.4755836 0
0.9734827 0.2067039 0.0980038 0
-0.01588769 0.1095189 0.03321229 1

0.3604929 0.88384 0.2981132 0
0.6833317 -0.03269796 -0.7293752 0
-0.6349034 0.4666449 -0.6157435 0
-0.0207884 0.08428975 -0.007918048 1

-0.06405866 0.9253165 -0.3737456 0
0.5349641 -0.2843161 -0.7955988 0
-0.8424426 -0.2509057 -0.4767982 0
0.01062939 0.07571793 0.02998311 1

0.1817176 0.922967 0.3392789 0
0.9831836 -0.1641751 -0.07997406 0
-0.01811233 0.3481064 -0.9372799 0
-0.02744458 0.0679704 -0.01342245 1

-0.1456876 0.9872079 -0.06477101 0
-0.6743762 -0.1469976 -0.7236078 0
-0.7238725 -0.06174082 0.6871654 0
0.01181217 0.05863276 0.03688401 1

-0.2194439 0.8775489 0.4263239 0
0.9699878 0.1493369 0.1918906 0
0.1047275 0.4556381 -0.8839828 0
-0.03065134 0.05148181 -0.01904203 1

-0.3262644 0.9105353 -0.2539227 0
0.3072626 -0.1518805 -0.9394264 0
-0.8939469 -0.3845223 -0.2302202 0
-0.02824497 0.05713112 -0.01124052 1

0.5595638 0.7954878 0.2325674 0
0.4857091 -0.08738245 -0.8697419 0
-0.6715465 0.599636 -0.4352715 0
0.008430078 0.04886507 0.04088965 1

0.1355413 0.684012 0.7167677 0
-0.6870317 0.5861461 -0.4294413 0
-0.7138737 -0.4342351 0.549385 0
0.01408943 0.04112539 0.03831324 1

-0.6814181 0.6803014 0.2699239 0
0.7071506 0.516885 0.4824604 0
0.1886988 0.5196341 -0.8332904 0
-0.02990186 0.04848464 -0.02049808 1

-0.3702804 0.9230833 -0.1039661 0
0.2524896 -0.007693857 -0.9675689 0
-0.8939468 -0.3845222 -0.2302201 0
-0.02655739 0.05242141 -0.009927121 1

0.6163605 -0.01724043 0.787275 0
-0.3323905 0.9006343 0.2799531 0
-0.7138737 -0.434235 0.549385 0
0.01362651 0.03878924 0.03586521 1

0.2781587 0.7484932 0.6019849 0
0.6867697 0.2831865 -0.669442 0
-0.6715465 0.599636 -0.4352715 0
0.005535762 0.04475044 0.03968671 1

-0.9097857 0.4103251 0.06263453 0
0.351283 0.6807569 0.6427834 0
0.2211114 0.6067977 -0.7634831 0
-0.02818058 0.04676617 -0.02117992 1

-0.4196408 0.8985143 0.1287368 0
0.1573538 0.2116937 -0.9645857 0
-0.8939468 -0.3845222 -0.2302201 0
-0.02542916 0.04960882 -0.009610344 1

0.5607325 -0.824408 0.07700542 0
0.4194791 0.3630305 0.8320131 0
-0.7138738 -0.434235 0.5493848 0
0.01206957 0.03883278 0.03387653 1

0.02794813 0.6075218 0.7938112 0
0.7404348 0.5209161 -0.4247376 0
-0.6715464 0.599636 -0.4352717 0
0.004688229 0.04246983 0.03785248 1

-0.4040939 0.866891 0.2919054 0
-0.6322882 -0.03411552 -0.7739818 0
-0.6609991 -0.4973297 0.5619106 0
0.009915579 0.04190502 0.03614806 1

-0.05265495 -0.9782649 -0.2005627 0
-0.3490634 -0.1701416 0.9215239 0
-0.9356185 0.1185318 -0.3325177 0
2.381265E-05 0.05910884 -0.00306201 1

-0.04269784 -0.9695815 -0.2410158 0
-0.3769116 -0.2077785 0.9026436 0
-0.9252644 0.1293825 -0.3565749 0
-0.0007552169 0.06471039 0.00112795 1

0.4322304 -0.6902702 -0.5802617 0
-0.5212221 -0.7163348 0.4638877 0
-0.7358696 0.1019387 -0.6694058 0
2.191147E-05 0.08214536 0.005449648 1

0.3913226 0.8821515 -0.2620605 0
-0.2741567 0.3835931 0.8818698 0
0.8784674 -0.2732499 0.3919565 0
-0.01076719 0.06048268 -0.006896291 1

-0.07621357 0.7323864 -0.6766102 0
-0.4647592 0.5742663 0.673956 0
0.8821508 0.3658258 0.2966165 0
0.01081879 0.05774396 0.0007722415 1

0.05762755 0.8749354 0.4807987 0
-0.4743146 -0.3997785 0.7843487 0
0.8784676 -0.2732499 0.3919565 0
-0.02116242 0.03704891 6.517558E-05 1

-0.3957447 0.9172212 0.04572797 0
-0.2553344 -0.1577235 0.9539012 0
0.8821508 0.3658257 0.2966165 0
0.01284335 0.03828859 0.01874595 1

0.2985035 -0.3538115 -0.8864044 0
-0.3361795 -0.9082028 0.2493011 0
-0.8932405 0.2235737 -0.390046 0
-0.0117116 0.1045131 0.02175421 1

0.431985 0.2548472 0.8651255 0
0.5157046 0.7171526 -0.4687653 0
-0.7398902 0.6486488 0.1783732 0
-0.01748769 0.105866 0.01468174 1

-0.004105691 0.9999896 0.002142772 0
-0.2262736 -0.003016382 0.974059 0
0.9740555 0.003514325 0.2262838 0
-0.02307359 0.008032411 -0.01588011 1

-0.7632332 0.5459679 -0.345534 0
0.6439669 0.6864238 -0.3378298 0
0.05273841 -0.4803556 -0.8754864 0
-0.004062572 0.1040052 0.02689911 1

0.01011694 0.9999447 0.002813086 0
-0.3209966 0.0005832762 0.9470798 0
0.947026 -0.01048437 0.320985 0
0.0259679 0.007869706 0.01722942 1

0.1967988 -0.9486384 -0.2477002 0
-0.07088605 -0.2657467 0.9614332 0
-0.9778778 -0.1716506 -0.119544 0
-0.01500083 0.1084118 0.03152154 1

-0.04081292 0.7811877 0.622961 0
0.7475847 0.4375318 -0.4996831 0
-0.6629112 0.4453225 -0.6018609 0
-0.02174816 0.1033526 0.006149403 1

0.2262749 0.003014669 -0.9740587 0
-0.0041047 0.9999895 0.002141282 0
0.9740552 0.003513707 0.2262852 0
-0.02604078 -7.352978E-05 -0.002981728 1

-0.3268336 0.9418954 0.07754394 0
0.4516804 0.2277488 -0.8626208 0
-0.8301594 -0.2469087 -0.4998715 0
0.003464847 0.09862053 0.03030695 1

0.3209967 -0.0005833656 -0.9470801 0
0.01011703 0.9999449 0.002812967 0
0.9470261 -0.01048442 0.320985 0
0.02162999 -0.0001881346 0.02976466 1

0.01860285 0.4978774 -0.8670479 0
-0.2083475 0.8500909 0.4836701 0
0.9778778 0.1716497 0.1195457 0
-0.01539455 0.110187 0.03219329 1

0.301892 0.8946187 0.3294218 0
0.6851348 0.03668061 -0.727492 0
-0.6629111 0.4453224 -0.601861 0
-0.02077852 0.08479279 -0.008651142 1

-0.06570676 0.933669 -0.352058 0
0.5536407 -0.2594192 -0.7913172 0
-0.8301592 -0.2469088 -0.4998717 0
0.01122988 0.07624262 0.02846463 1

0.1316394 0.919911 0.3693714 0
0.9876947 -0.1534548 0.03017366 0
0.08443877 0.3608544 -0.9287921 0
-0.0263527 0.06827443 -0.01473364 1

-0.141341 0.9884211 -0.05519138 0
-0.6747118 -0.1369787 -0.7252589 0
-0.7244215 -0.06527066 0.68626 0
0.01244309 0.05900323 0.03496508 1

-0.276271 0.8693814 0.4096952 0
0.9434113 0.1639533 0.2882615 0
0.183438 0.4661496 -0.8654797 0
-0.02871517 0.05183471 -0.02088921 1

-0.2619738 0.9171636 -0.3003012 0
0.4381879 -0.1642016 -0.8837585 0
-0.8598609 -0.3631099 -0.3588737 0
-0.02727337 0.05739868 -0.01279402 1

0.5629415 0.790724 0.2405258 0
0.485684 -0.0810205 -0.8703715 0
-0.6687361 0.6067875 -0.4296516 0
0.009016644 0.04921183 0.03887397 1

0.1382341 0.6763882 0.723457 0
-0.6842824 0.5933093 -0.4239591 0
-0.7159948 -0.4364435 0.5448558 0
0.01464316 0.04147295 0.0362243 1

-0.7168911 0.6658453 0.2066811 0
0.6508396 0.5328705 0.5407937 0
0.2499506 0.5222065 -0.8153679 0
-0.02777161 0.04886544 -0.02228847 1

-0.3272443 0.931556 -0.1584755 0
0.3918546 -0.0188273 -0.9198345 0
-0.859861 -0.36311 -0.3588736 0
-0.02591832 0.0526547 -0.01124072 1

0.6159517 -0.02761707 0.7872994 0
-0.3285642 0.8993076 0.2886018 0
-0.7159949 -0.4364435 0.544856 0
0.01417103 0.03916283 0.03375342 1

0.2811798 0.7413608 0.6093621 0
0.6882803 0.2866933 -0.6663909 0
-0.668736 0.6067874 -0.4296516 0
0.006104861 0.04512185 0.03762987 1

-0.8991907 0.4371341 0.01921517 0
0.3413822 0.6734028 0.6557341 0
0.273704 0.59619 -0.7547474 0
-0.02596072 0.0471835 -0.02281054 1

-0.3993081 0.9163391 0.02958577 0
0.3181067 0.1687412 -0.9329172 0
-0.8598608 -0.36311 -0.3588736 0
-0.02492121 0.04981629 -0.01075785 1

0.5570889 -0.827567 0.06916835 0
0.4207169 0.3530578 0.8356718 0
-0.715995 -0.4364434 0.5448557 0
0.01261513 0.03923259 0.03176468 1

0.0302752 0.5996218 0.7997104 0
0.7428831 0.5217876 -0.419359 0
-0.668736 0.6067875 -0.4296517 0
0.005248118 0.04286296 0.03577317 1

-0.4016077 0.8658029 0.2984909 0
-0.6316296 -0.02585439 -0.7748392 0
-0.6631405 -0.4997172 0.5572499 0
0.01056071 0.04225643 0.0340732 1

-0.06015399 -0.9822175 -0.1778499 0
-0.3445691 -0.146788 0.9272138 0
-0.9368317 0.1170572 -0.329612 0
-0.0008310556 0.05899033 -0.0038414 1

-0.04768261 -0.9722416 -0.2290695 0
-0.3796599 -0.194478 0.9044538 0
-0.9238964 0.1300952 -0.359848 0
-0.001548607 0.0646911 0.000224106 1

0.3994521 -0.7059726 -0.5848425 0
-0.5197167 -0.6999167 0.4899093 0
-0.7552034 0.1082571 -0.646489 0
-0.0006819387 0.08217355 0.004330656 1

0.379896 0.8782877 -0.2903272 0
-0.2655705 0.4041996 0.8752686 0
0.8860877 -0.2554087 0.3868012 0
-0.01163545 0.06034947 -0.007642409 1

-0.09266241 0.7367803 -0.6697527 0
-0.481299 0.5556988 0.6779013 0
0.8716448 0.3851674 0.3031193 0
0.009978904 0.05764361 -4.164712E-05 1

0.04029773 0.8737792 0.4846507 0
-0.4617627 -0.4138559 0.7845374 0
0.8860878 -0.2554087 0.3868013 0
-0.02172714 0.03701834 6.994558E-05 1

-0.4093386 0.9122055 0.01796756 0
-0.2695865 -0.1397398 0.9527833 0
0.8716447 0.3851674 0.3031193 0
0.01244042 0.03807152 0.01774989 1

0.2792887 -0.3686465 -0.8866214 0
-0.3381379 -0.9019766 0.2685163 0
-0.8986992 0.2248067 -0.3765653 0
-0.0114366 0.1049735 0.02071156 1

0.4661623 0.2575614 0.8463776 0
0.5125264 0.7011697 -0.495659 0
-0.7211165 0.6648484 0.1948517 0
-0.01741214 0.106353 0.01381293 1

-0.005619749 0.999979 0.00335525 0
-0.2270636 -0.004543811 0.9738694 0
0.973864 0.004711023 0.2270845 0
-0.02306358 0.008040175 -0.01600309 1

-0.7696841 0.5416 -0.3380171 0
0.6379992 0.6718466 -0.3762709 0
0.02330729 -0.5052646 -0.8626497 0
-0.003635131 0.1043778 0.02561245 1

0.01370938 0.9998982 0.003958642 0
-0.3196232 0.0006308705 0.9475445 0
0.9474453 -0.01425546 0.3195994 0
0.02601579 0.007818982 0.01715402 1

0.1694646 -0.9511725 -0.257978 0
-0.09934823 -0.2769182 0.9557438 0
-0.9805158 -0.1363353 -0.1414252 0
-0.0145141 0.1090356 0.03048129 1

-0.05252742 0.7789575 0.6248731 0
0.7220532 0.4618812 -0.5150776 0
-0.6898403 0.424136 -0.5867102 0
-0.02200969 0.1038128 0.005465493 1

0.227065 0.004542187 -0.9738692 0
-0.005618781 0.9999788 0.003353819 0
0.9738637 0.004710423 0.2270858 0
-0.02602903 -8.592382E-05 -0.003117006 1

-0.3334475 0.9389206 0.08509631 0
0.4703422 0.243903 -0.8481094 0
-0.8170626 -0.2427759 -0.5229427 0
0.00395591 0.09903626 0.02894616 1

0.3196232 -0.0006310344 -0.9475447 0
0.01370941 0.9998983 0.003958538 0
0.9474453 -0.01425544 0.3195994 0
0.02166712 -0.0002378561 0.02968617 1

0.05307198 0.5093262 -0.8589355 0
-0.1891348 0.8497058 0.4921669 0
0.9805157 0.1363344 0.1414269 0
-0.01486087 0.1108135 0.03117169 1

0.2456881 0.8994753 0.3613609 0
0.6809971 0.1051337 -0.7246997 0
-0.6898403 0.4241359 -0.5867103 0
-0.02076173 0.08530604 -0.009380482 1

-0.06844738 0.941453 -0.3301241 0
0.572472 -0.2339379 -0.7858428 0
-0.8170624 -0.242776 -0.5229428 0
0.01187808 0.07672903 0.02692441 1

0.08505932 0.9120089 0.4012543 0
0.9792433 -0.1508777 0.1353455 0
0.1839765 0.3814134 -0.9059123 0
-0.02529815 0.068698 -0.0160527 1

-0.1377995 0.9894133 -0.04552973 0
-0.6748872 -0.127441 -0.7268332 0
-0.7249406 -0.06942987 0.6853033 0
0.0131419 0.0593459 0.03301988 1

-0.3245206 0.8592851 0.3953677 0
0.9094797 0.1686276 0.3800155 0
0.2598715 0.4829017 -0.8362253 0
-0.02687709 0.05238969 -0.02278195 1

-0.186607 0.9277145 -0.3233016 0
0.5543716 -0.1722494 -0.8142494 0
-0.8110793 -0.3311739 -0.4821558 0
-0.02636513 0.0577794 -0.01445983 1

0.5656496 0.7863123 0.2485044 0
0.4857622 -0.07419375 -0.8709367 0
-0.6663902 0.6133588 -0.4239281 0
0.009678968 0.04952883 0.03683101 1

0.1403329 0.6687503 0.7301233 0
-0.6819868 0.5998806 -0.4183743 0
-0.7177748 -0.4392231 0.5402615 0
0.01527903 0.04179637 0.0341076 1

-0.7412403 0.6547735 0.147764 0
0.5949239 0.5389046 0.5963624 0
0.3108515 0.5299563 -0.788998 0
-0.02576873 0.04945491 -0.02413228 1

-0.2709637 0.9432352 -0.1920577 0
0.5183905 -0.02512704 -0.8547747 0
-0.8110792 -0.3311739 -0.4821557 0
-0.02539992 0.05298083 -0.01278757 1

0.6155153 -0.03754606 0.78723 0
-0.3254846 0.8975933 0.2972982 0
-0.7177748 -0.4392231 0.5402615 0
0.01479975 0.03951232 0.03161396 1

0.2835574 0.7343312 0.6167282 0
0.6895792 0.2907739 -0.6632731 0
-0.6663902 0.6133588 -0.423928 0
0.006753176 0.04546167 0.03554564 1

-0.8827921 0.4694691 -0.01663262 0
0.336508 0.6566829 0.6749298 0
0.3277808 0.5902258 -0.7376945 0
-0.02389634 0.04780092 -0.02450554 1

-0.3526329 0.934495 -0.04867119 0
0.4666906 0.130548 -0.8747326 0
-0.8110792 -0.331174 -0.4821556 0
-0.0245743 0.05010685 -0.01220237 1

0.5541114 -0.8301864 0.06124896 0
0.4216159 0.3433284 0.8392651 0
-0.7177749 -0.4392231 0.5402614 0
0.01324493 0.03960717 0.02962539 1

0.03206913 0.5916232 0.8055769 0
0.7449132 0.5232337 -0.4139215 0
-0.6663901 0.6133587 -0.4239281 0
0.005889185 0.0432242 0.03366649 1

-0.4000081 0.8643625 0.3047483 0
-0.6305778 -0.01825485 -0.7759112 0
-0.6651053 -0.5025384 0.5523499 0
0.01128003 0.04257968 0.03200815 1

-0.06732699 -0.9856 -0.155112 0
-0.3403545 -0.1234516 0.9321579 0
-0.9378836 0.1155525 -0.3271418 0
-0.001656926 0.05887091 -0.004582039 1

-0.05230215 -0.9747013 -0.2173061 0
-0.3827896 -0.1814152 0.9058479 0
-0.9223537 0.1305603 -0.3636171 0
-0.002315934 0.06466726 -0.0006435206 1

0.3662105 -0.720901 -0.5883803 0
-0.5173082 -0.6833141 0.5152414 0
-0.7734867 0.1156871 -0.6231649 0
-0.001366305 0.08219358 0.003251183 1

0.367889 0.8742656 -0.3167295 0
-0.257705 0.4231353 0.8686454 0
0.8934462 -0.2379423 0.3809695 0
-0.01247283 0.06021495 -0.008355137 1

-0.109117 0.7411986 -0.6623579 0
-0.4967278 0.5365173 0.68221 0
0.8610196 0.4034525 0.3096308 0
0.009166241 0.05754276 -0.0008119796 1

0.0242938 0.872519 0.487976 0
-0.4485131 -0.4267251 0.7853291 0
0.8934463 -0.2379423 0.3809695 0
-0.02224556 0.03699066 5.857414E-05 1

-0.4214832 0.9067865 -0.009494346 0
-0.2845996 -0.1223293 0.9508095 0
0.8610196 0.4034524 0.3096308 0
0.01206486 0.0378533 0.01678312 1

0.2601249 -0.382803 -0.8864517 0
-0.3395795 -0.895677 0.2871386 0
-0.9038919 0.226329 -0.3629799 0
-0.01113036 0.1054021 0.0196788 1

0.4991719 0.258674 0.8269915 0
0.508915 0.684929 -0.5214192 0
-0.7013077 0.6811463 0.2102543 0
-0.01729747 0.1068185 0.01295908 1

-0.007016189 0.999965 0.004655875 0
-0.2276531 -0.006131172 0.973723 0
0.9737175 0.005771852 0.2276883 0
-0.02305125 0.008054294 -0.01612475 1

-0.7762083 0.5374984 -0.3295385 0
0.6304492 0.6568831 -0.4135673 0
-0.005823597 -0.528772 -0.8487437 0
-0.003187126 0.104709 0.02433363 1

0.01723244 0.99984 0.004807808 0
-0.3190111 0.0009408966 0.9477503 0
0.9475941 -0.01786574 0.3189763 0
0.026043 0.007780474 0.017098 1

0.1429415 -0.9525503 -0.26873 0
-0.1291305 -0.2871464 0.9491428 0
-0.9812709 -0.1009707 -0.1640484 0
-0.01399668 0.1096202 0.02944665 1

-0.06214109 0.7765762 0.626951 0
0.6960001 0.483944 -0.5304545 0
-0.7153473 0.4033951 -0.5705701 0
-0.02222057 0.1042674 0.004802845 1

0.2276545 0.006129466 -0.9737227 0
-0.007015251 0.9999648 0.0046544 0
0.9737172 0.00577124 0.2276896 0
-0.02601325 -9.275228E-05 -0.003251093 1

-0.3407735 0.935613 0.09220226 0
0.488974 0.2601475 -0.8326028 0
-0.8029805 -0.2386447 -0.5461419 0
0.004468258 0.09940785 0.02758372 1

0.3190112 -0.0009410158 -0.9477506 0
0.01723257 0.99984 0.004807651 0
0.9475942 -0.01786576 0.3189764 0
0.02167403 -0.0002717748 0.02962604 1

0.08861221 0.5195689 -0.8498212 0
-0.1710416 0.8484418 0.5008906 0
0.9812706 0.1009698 0.1640501 0
-0.01429834 0.1113987 0.03015645 1

0.194008 0.8990906 0.3924242 0
0.6712961 0.1700248 -0.721424 0
-0.7153474 0.4033951 -0.57057 0
-0.02074421 0.08581715 -0.0100925 1

-0.07227105 0.9485627 -0.3082297 0
0.5916073 -0.2080321 -0.7789242 0
-0.8029804 -0.2386448 -0.5461421 0
0.01256448 0.0771792 0.02539313 1

0.04358997 0.900161 0.4333701 0
0.9601467 -0.1576167 0.2308135 0
0.2760758 0.4060381 -0.8711573 0
-0.0243264 0.06921621 -0.01733828 1

-0.1352251 0.9901615 -0.03597292 0
-0.6745582 -0.1185953 -0.728633 0
-0.7257307 -0.07426395 0.6839587 0
0.01389891 0.0596648 0.03108434 1

-0.3632317 0.8488831 0.3840052 0
0.871082 0.1631778 0.4632377 0
0.3305734 0.5027629 -0.7987182 0
-0.02520926 0.05310747 -0.02465029 1

-0.1060975 0.9402481 -0.3235377 0
0.6512942 -0.1801529 -0.7371297 0
-0.7513713 -0.2889259 -0.5932646 0
-0.02555332 0.05826066 -0.0161712 1

0.5674373 0.7823895 0.256675 0
0.486352 -0.06692322 -0.871196 0
-0.6644371 0.6191832 -0.4184913 0
0.01040743 0.04981988 0.03479628 1

0.141389 0.6612175 0.73675 0
-0.6800731 0.6056916 -0.4130833 0
-0.7193813 -0.4426385 0.5353141 0
0.01599013 0.04210005 0.03200227 1

-0.7551042 0.6485775 0.09573248 0
0.5423957 0.5359932 0.64693 0
0.3682722 0.5404245 -0.7565163 0
-0.02396869 0.05020821 -0.02596181 1

-0.2065931 0.9568501 -0.204345 0
0.6267058 -0.03097435 -0.7786399 0
-0.7513713 -0.2889259 -0.5932646 0
-0.02500454 0.05339727 -0.01449772 1

0.6147103 -0.04682136 0.7873619 0
-0.3234524 0.8954766 0.3057768 0
-0.7193813 -0.4426385 0.535314 0
0.01550724 0.03984174 0.02948599 1

0.2848824 0.7275355 0.6241264 0
0.6909162 0.295472 -0.6597958 0
-0.6644371 0.6191832 -0.4184912 0
0.007472399 0.045773 0.03346865 1

-0.8613895 0.506191 -0.04217099 0
0.3370173 0.6316683 0.6981509 0
0.3800358 0.5871677 -0.7147076 0
-0.02206128 0.04856988 -0.02620364 1

-0.2860207 0.9528027 -0.1017786 0
0.5946705 0.09321286 -0.7985476 0
-0.7513712 -0.2889259 -0.5932645 0
-0.02437507 0.0504818 -0.01387509 1

0.5519289 -0.8321655 0.05361154 0
0.4217398 0.3340227 0.8429496 0
-0.7193813 -0.4426385 0.535314 0
0.01395446 0.03996001 0.0274971 1

0.03286055 0.583635 0.8113509 0
0.7466213 0.5253398 -0.408135 0
-0.664437 0.6191832 -0.4184914 0
0.006604371 0.04355625 0.03156694 1

-0.3995341 0.8625255 0.3105197 0
-0.6288645 -0.01141449 -0.777431 0
-0.6670096 -0.5058851 0.5469721 0
0.01207288 0.04288229 0.02998812 1

-0.07402015 -0.9884272 -0.1324114 0
-0.3368415 -0.100192 0.9362153 0
-0.9386472 0.1139004 -0.3255271 0
-0.002438489 0.05875276 -0.005263486 1

-0.05636957 -0.9769869 -0.2057163 0
-0.3866942 -0.168598 0.9066653 0
-0.9204834 0.1306576 -0.3682913 0
-0.003044196 0.06464097 -0.001454547 1

0.3330122 -0.7350024 -0.5906557 0
-0.514263 -0.6666182 0.5395863 0
-0.7903391 0.1240635 -0.5999765 0
-0.002021539 0.08220804 0.002231448 1

0.3556621 0.8701031 -0.3412114 0
-0.250497 0.4404709 0.8621117 0
0.9004198 -0.2211481 0.374617 0
-0.01326258 0.06007984 -0.009018878 1

-0.1250852 0.7454428 -0.6547279 0
-0.5108592 0.517316 0.6865907 0
0.8505154 0.4203564 0.3161078 0
0.008394597 0.05744486 -0.001513443 1

0.009797491 0.8712353 0.4907682 0
-0.4349118 -0.4382271 0.7866439 0
0.90042 -0.2211481 0.3746171 0
-0.02271051 0.03696612 4.517892E-05 1

-0.4319593 0.9011687 -0.03613916 0
-0.3000577 -0.1058088 0.9480346 0
0.8505154 0.4203564 0.3161078 0
0.0117174 0.03764266 0.01587897 1

0.2415757 -0.3963009 -0.8857687 0
-0.3406451 -0.8893467 0.3049974 0
-0.9086263 0.2280529 -0.3498425 0
-0.01079776 0.1058001 0.01867025 1

0.5302405 0.2582372 0.8075631 0
0.5054403 0.6684512 -0.5456215 0
-0.6807164 0.6974858 0.2239164 0
-0.0171445 0.1072624 0.01213013 1

-0.008142032 0.9999498 0.005907178 0
-0.2280118 -0.007608302 0.9736285 0
0.9736246 0.006580345 0.2280625 0
-0.02303544 0.008072335 -0.01623074 1

-0.7826527 0.5335462 -0.3205979 0
0.6215284 0.6417124 -0.4493412 0
-0.03401245 -0.5509391 -0.8338518 0
-0.002726296 0.1050013 0.02308236 1

0.02037375 0.9997798 0.005018882 0
-0.3193807 0.001751401 0.9476245 0
0.9474071 -0.02090945 0.3193462 0
0.02604297 0.007756144 0.0170775 1

0.117609 -0.952819 -0.2798283 0
-0.1605444 -0.2963203 0.9414986 0
-0.9799963 -0.06580386 -0.1878196 0
-0.0134597 0.110167 0.02843058 1

-0.06916284 0.7746378 0.6286114 0
0.6699493 0.5029552 -0.5460802 0
-0.7391778 0.3833695 -0.553754 0
-0.02237402 0.1047155 0.004165512 1

0.2280131 0.007606611 -0.9736282 0
-0.008141093 0.9999497 0.005905688 0
0.9736243 0.006579733 0.2280638 0
-0.02599311 -9.417161E-05 -0.003368429 1

-0.3488768 0.9319834 0.09844842 0
0.507748 0.276267 -0.8160076 0
-0.7877036 -0.2346992 -0.5695957 0
0.004992647 0.09973922 0.02624427 1

0.3193808 -0.001751475 -0.9476247 0
0.02037385 0.9997799 0.005018726 0
0.9474072 -0.02090944 0.3193462 0
0.02164376 -0.0002848841 0.02960217 1

0.1254281 0.5285104 -0.8396096 0
-0.1545143 0.8463727 0.5096846 0
0.9799962 0.06580301 0.1878213 0
-0.01371886 0.1119441 0.02916024 1

0.1486988 0.8947958 0.4209857 0
0.6568898 0.228841 -0.7184198 0
-0.7391779 0.3833695 -0.553754 0
-0.02073083 0.08631136 -0.01076928 1

-0.07722121 0.9549106 -0.2866758 0
0.6111956 -0.1818308 -0.7703098 0
-0.7877034 -0.2346994 -0.5695958 0
0.01328139 0.07759681 0.02390529 1

0.008535348 0.8858235 0.4639433 0
0.9339601 -0.1728293 0.3128068 0
0.3572747 0.4306347 -0.8287993 0
-0.02347641 0.06978972 -0.01854242 1

-0.1338261 0.9906449 -0.02670829 0
-0.6733655 -0.1106725 -0.730979 0
-0.7270966 -0.07983969 0.6818769 0
0.01470721 0.0599652 0.02919852 1

-0.3922995 0.8395441 0.3758544 0
0.8317446 0.1492696 0.5347141 0
0.3928123 0.522383 -0.7568446 0
-0.02377231 0.05392459 -0.02641308 1

-0.02632976 0.9519934 -0.3049837 0
0.7270302 -0.1911582 -0.6594579 0
-0.6860998 -0.2390958 -0.6870949 0
-0.02486619 0.05881387 -0.01784178 1

0.5680125 0.779114 0.265223 0
0.4878758 -0.05921615 -0.8709023 0
-0.6628267 0.6240793 -0.4137461 0
0.01119562 0.05008985 0.03280928 1

0.1409124 0.653918 0.7433268 0
-0.6784906 0.6105575 -0.4084966 0
-0.7209673 -0.4467782 0.5297124 0
0.01677309 0.0423896 0.02995152 1

-0.7601824 0.6475903 0.05242969 0
0.4960695 0.526413 0.69051 0
0.419568 0.5509228 -0.7214198 0
-0.02243247 0.05105725 -0.02769677 1

-0.1396436 0.9701712 -0.1981595 0
0.7139789 -0.04000857 -0.6990227 0
-0.6860999 -0.2390957 -0.6870949 0
-0.02473001 0.05388973 -0.01626427 1

0.613186 -0.05521881 0.7880057 0
-0.3228136 0.892939 0.3137693 0
-0.7209673 -0.4467782 0.5297124 0
0.01629183 0.04015622 0.02741278 1

0.2847036 0.7211193 0.6316099 0
0.692535 0.3008528 -0.6556543 0
-0.6628265 0.6240792 -0.4137461 0
0.008257607 0.04605991 0.03143743 1

-0.8364059 0.5452356 -0.05606061 0
0.3430016 0.6004463 0.7223668 0
0.4275213 0.5849632 -0.6892334 0
-0.02051221 0.04942141 -0.02782921 1

-0.2077557 0.9695145 -0.1299176 0
0.6972113 0.05361165 -0.7148574 0
-0.6860999 -0.2390957 -0.6870948 0
-0.02430452 0.05093367 -0.01566048 1

0.5507087 -0.8333938 0.04663074 0
0.4206254 0.3253366 0.8468942 0
-0.7209674 -0.4467781 0.5297124 0
0.01474291 0.04029571 0.02542225 1

0.03214152 0.5757707 0.8169792 0
0.7480826 0.528217 -0.4016948 0
-0.6628265 0.6240792 -0.4137462 0
0.007390133 0.04386271 0.02951293 1

-0.4004446 0.8602402 0.3156442 0
-0.6262239 -0.005445153 -0.7796242 0
-0.6689453 -0.5098603 0.5408834 0
0.01294164 0.04317389 0.02805101 1

-0.08009955 -0.9907194 -0.1098144 0
-0.3344605 -0.07706866 0.9392531 0
-0.9389995 0.1119623 -0.3251833 0
-0.003160432 0.05863807 -0.005865303 1

-0.05969799 -0.979126 -0.1942894 0
-0.3917635 -0.1560392 0.9067375 0
-0.9181271 0.1302459 -0.3742706 0
-0.003720292 0.06461434 -0.002188537 1

0.3003909 -0.7482418 -0.5915229 0
-0.5108911 -0.6499202 0.5626668 0
-0.8054535 0.1331837 -0.5775002 0
-0.002637892 0.08221953 0.001291701 1

0.3435848 0.8658214 -0.3637347 0
-0.2438744 0.4562859 0.8557619 0
0.906904 -0.2053212 0.3679246 0
-0.01398797 0.0599446 -0.009617964 1

-0.1400793 0.7493526 -0.6471851 0
-0.5235673 0.4987155 0.6907675 0
0.8403897 0.4356075 0.3224769 0
0.007677827 0.05735365 -0.002120771 1

-0.003030762 0.8700287 0.4929922 0
-0.4213266 -0.4482118 0.7884099 0
0.9069042 -0.2053213 0.3679246 0
-0.02311508 0.03694463 4.440872E-05 1

-0.4406264 0.895583 -0.06147587 0
-0.3155842 -0.09042823 0.9445789 0
0.8403897 0.4356075 0.322477 0
0.01139894 0.03744759 0.01507127 1

0.224212 -0.4091753 -0.8844798 0
-0.3414919 -0.8830287 0.321937 0
-0.9127496 0.2298606 -0.3377157 0
-0.01044434 0.1061693 0.01770245 1

0.5586616 0.2563618 0.7887812 0
0.5027256 0.6517473 -0.5678846 0
